Shamal Sina Sector 5  (1574,2566)  (1544,2595)  (1544,2565)  (1603,2596)  (1574,2536)  (1604,2536)  (1604,2566)  (1542,2535)  (1573,2625)  (1543,2625)  (1514,2595)  (1514,2565)  (1633,2596)  (1633,2626)  (1603,2626)  (1513,2625)  (1572,2506)  (1602,2506)  (1632,2506)  (1634,2536)  (1634,2566)  (1512,2535)  (1512,2505)  (1542,2505)  (1662,2493)  (1484,2595)  (1484,2565)  (1663,2596)  (1663,2626)  (1663,2656)  (1633,2656)  (1603,2656)  (1664,2523)  (1664,2553)  (1482,2535)  (1482,2505)  (1692,2493)  (1454,2601)  (1454,2571)  (1693,2583)  (1693,2613)  (1693,2643)  (1693,2673)  (1663,2686)  (1694,2523)  (1694,2553)  (1452,2541)  (1452,2511)  (1712,2703)  (1424,2588)  (1723,2583)  (1723,2613)  (1723,2643)  (1723,2673)  (1724,2536)  (1422,2558)  (1422,2528)  (1422,2498)  (1742,2703)  (1753,2621)  (1753,2651)  (1392,2574)  (1392,2544)  (1392,2514)  (1362,2562)  (1362,2532)  (1362,2502)  (1332,2555)  (1332,2525)  (1332,2495)
Jericho  (1934,1693)  (1904,1722)  (1904,1692)  (1963,1723)  (1934,1663)  (1964,1663)  (1964,1693)  (1902,1662)  (1933,1752)  (1874,1729)  (1874,1699)  (1993,1723)  (1993,1753)  (1963,1753)  (1932,1633)  (1962,1633)  (1992,1633)  (1994,1663)  (1994,1693)  (1872,1669)  (1872,1639)  (1902,1632)  (1842,1635)
Shamal Sina Sector 4  (1490,2345)  (1460,2374)  (1460,2344)  (1519,2375)  (1490,2315)  (1520,2315)  (1520,2345)  (1458,2314)  (1489,2404)  (1459,2404)  (1430,2374)  (1430,2344)  (1549,2375)  (1549,2405)  (1519,2405)  (1429,2405)  (1488,2285)  (1518,2285)  (1548,2285)  (1550,2315)  (1550,2345)  (1428,2314)  (1428,2284)  (1458,2284)  (1578,2257)  (1489,2434)  (1459,2434)  (1400,2375)  (1400,2345)  (1579,2375)  (1579,2405)  (1579,2435)  (1549,2435)  (1519,2435)  (1429,2435)  (1399,2435)  (1399,2405)  (1488,2255)  (1518,2255)  (1548,2255)  (1580,2287)  (1580,2317)  (1398,2315)  (1398,2285)  (1398,2255)  (1428,2254)  (1458,2254)  (1608,2231)  (1370,2375)  (1370,2345)  (1609,2347)  (1609,2377)  (1609,2407)  (1609,2437)  (1369,2463)  (1369,2433)  (1610,2261)  (1610,2291)  (1368,2315)  (1368,2285)  (1368,2255)  (1340,2403)  (1340,2373)  (1639,2321)  (1639,2351)  (1639,2381)  (1639,2411)  (1639,2441)  (1339,2463)  (1339,2433)  (1338,2343)  (1338,2313)  (1338,2283)  (1338,2253)  (1669,2384)  (1669,2414)  (1669,2444)  (1699,2461)
Shamal Sina Sector 3  (1155,2404)  (1125,2433)  (1125,2403)  (1184,2434)  (1155,2374)  (1185,2374)  (1185,2404)  (1123,2373)  (1154,2463)  (1124,2463)  (1095,2433)  (1095,2403)  (1214,2434)  (1214,2464)  (1184,2464)  (1094,2464)  (1153,2344)  (1183,2344)  (1213,2344)  (1215,2374)  (1215,2404)  (1093,2373)  (1093,2343)  (1123,2343)  (1243,2316)  (1154,2493)  (1124,2493)  (1065,2434)  (1065,2404)  (1244,2434)  (1244,2464)  (1244,2494)  (1214,2494)  (1184,2494)  (1094,2494)  (1064,2494)  (1064,2464)  (1153,2314)  (1183,2314)  (1213,2314)  (1245,2346)  (1245,2376)  (1063,2374)  (1063,2344)  (1063,2314)  (1093,2313)  (1123,2313)  (1273,2309)  (1154,2523)  (1124,2523)  (1274,2406)  (1274,2436)  (1274,2466)  (1274,2496)  (1244,2524)  (1214,2524)  (1184,2524)  (1094,2524)  (1064,2524)  (1275,2339)  (1275,2369)  (1033,2377)  (1033,2347)  (1033,2317)  (1276,2526)  (1003,2322)
Ash Sharqiyah  (613,2224)  (583,2253)  (583,2223)  (642,2254)  (613,2194)  (643,2194)  (643,2224)  (612,2283)  (582,2283)  (553,2253)  (553,2223)  (672,2254)  (552,2284)  (616,2164)  (646,2164)  (673,2194)  (673,2224)  (676,2161)  (617,2313)  (587,2313)  (523,2218)  (702,2254)  (557,2314)  (527,2314)  (637,2134)  (703,2191)  (703,2221)  (667,2131)  (697,2131)  (706,2161)  (727,2110)  (497,2330)  (635,2343)  (605,2343)  (732,2251)  (575,2344)  (545,2344)  (733,2191)  (733,2221)  (664,2101)  (694,2101)  (736,2140)  (515,2360)  (757,2096)  (654,2373)  (624,2373)  (594,2374)  (564,2374)  (763,2170)  (763,2200)  (763,2230)  (766,2126)  (603,2404)  (573,2404)  (543,2404)
Shamal Sina Sector 2  (1455,2118)  (1425,2147)  (1425,2117)  (1484,2148)  (1455,2088)  (1485,2088)  (1485,2118)  (1423,2087)  (1454,2177)  (1424,2177)  (1395,2147)  (1395,2117)  (1514,2148)  (1514,2178)  (1484,2178)  (1394,2178)  (1453,2058)  (1483,2058)  (1513,2058)  (1515,2088)  (1515,2118)  (1393,2087)  (1399,2057)  (1543,2030)  (1365,2148)  (1365,2118)  (1544,2148)  (1544,2178)  (1364,2201)  (1489,2028)  (1545,2060)  (1545,2090)  (1363,2088)  (1535,2000)  (1335,2171)  (1335,2141)  (1574,2120)  (1574,2150)  (1574,2180)  (1334,2201)  (1333,2111)  (1333,2081)  (1604,2190)
Shamal Sina Sector 1  (1123,2154)  (1093,2183)  (1093,2153)  (1152,2184)  (1123,2124)  (1153,2124)  (1153,2154)  (1091,2123)  (1122,2213)  (1092,2213)  (1063,2183)  (1063,2153)  (1182,2184)  (1182,2214)  (1152,2214)  (1062,2214)  (1121,2094)  (1151,2094)  (1181,2094)  (1183,2124)  (1183,2154)  (1061,2123)  (1061,2093)  (1091,2093)  (1211,2066)  (1122,2243)  (1092,2243)  (1033,2184)  (1033,2154)  (1212,2184)  (1212,2214)  (1212,2244)  (1182,2244)  (1152,2244)  (1062,2244)  (1032,2244)  (1032,2214)  (1121,2064)  (1151,2064)  (1181,2064)  (1213,2096)  (1213,2126)  (1031,2124)  (1031,2094)  (1080,2063)  (1211,2036)  (1241,2047)  (1122,2273)  (1092,2273)  (1003,2184)  (1003,2154)  (1242,2156)  (1242,2186)  (1242,2216)  (1242,2246)  (1212,2274)  (1182,2274)  (1152,2274)  (1062,2274)  (1032,2274)  (1002,2274)  (1002,2244)  (1002,2214)  (1128,2034)  (1158,2034)  (1243,2077)  (1243,2107)  (1001,2124)  (1244,2276)  (973,2184)  (973,2154)  (1272,2137)  (1272,2167)  (1272,2197)  (1272,2227)  (972,2216)  (1273,2065)  (1273,2095)  (971,2124)  (1274,2257)
Hebron  (1896,1854)  (1866,1883)  (1866,1853)  (1925,1884)  (1896,1824)  (1926,1824)  (1926,1854)  (1895,1913)  (1865,1913)  (1836,1883)  (1955,1884)  (1835,1914)  (1956,1797)  (1956,1827)
Northern Crossing  (845,2135)  (867,2165)  (837,2165)  (875,2124)
Baalbek  (2130,954)  (2100,983)  (2159,984)  (2128,924)  (2158,924)  (2160,954)  (2188,896)  (2129,1013)  (2099,1013)  (2137,894)
Suez Canal  (875,2384)
Nablus  (1932,1540)  (1902,1569)  (1902,1539)  (1961,1570)  (1932,1510)  (1962,1510)  (1962,1540)  (1900,1509)  (1872,1598)  (1872,1568)  (1991,1570)  (1930,1480)  (1960,1480)  (1992,1517)  (1870,1538)  (1870,1508)  (1900,1479)
Janub Sina Sector 6  (1519,3374)  (1489,3403)  (1489,3373)  (1548,3404)  (1519,3344)  (1549,3344)  (1549,3374)  (1487,3343)  (1459,3384)  (1579,3336)  (1579,3366)  (1457,3354)  (1609,3347)  (1427,3366)  (1427,3336)  (1397,3337)
Ad Daqahliyah  (547,2083)  (517,2112)  (517,2082)  (576,2113)  (547,2053)  (577,2053)  (577,2083)  (515,2052)  (546,2142)  (516,2142)  (606,2113)  (579,2143)  (486,2143)  (545,2023)  (607,2052)  (607,2082)  (485,2066)  (485,2036)  (515,2022)  (575,2004)  (495,2173)  (545,1993)  (637,2032)  (637,2062)  (495,1992)  (488,2203)  (525,1963)  (667,2019)  (667,2049)  (487,1962)  (488,2233)  (517,1933)  (697,2024)  (697,2054)  (484,1932)  (498,2263)  (727,2027)  (483,1902)
Janub Sina Sector 5  (1591,3138)  (1561,3167)  (1561,3137)  (1617,3168)  (1591,3108)  (1621,3108)  (1621,3138)  (1559,3107)  (1587,3197)  (1557,3197)  (1589,3078)  (1619,3078)  (1649,3078)  (1557,3077)  (1600,3227)  (1570,3227)  (1587,3048)  (1617,3048)  (1647,3048)  (1677,3048)  (1557,3047)  (1606,3257)  (1576,3257)  (1587,3018)  (1617,3018)  (1647,3018)  (1677,3018)  (1557,3017)  (1606,3287)  (1576,3287)
Janub Sina Sector 4  (1392,3125)  (1362,3154)  (1362,3124)  (1421,3155)  (1392,3095)  (1422,3095)  (1422,3125)  (1360,3094)  (1391,3184)  (1361,3184)  (1332,3154)  (1332,3124)  (1451,3155)  (1451,3185)  (1421,3185)  (1331,3185)  (1390,3065)  (1420,3065)  (1450,3065)  (1452,3095)  (1452,3125)  (1330,3094)  (1330,3064)  (1360,3064)  (1480,3037)  (1391,3214)  (1361,3214)  (1302,3155)  (1302,3125)  (1481,3155)  (1481,3185)  (1481,3215)  (1451,3215)  (1421,3215)  (1331,3215)  (1301,3214)  (1390,3035)  (1420,3035)  (1450,3035)  (1482,3067)  (1482,3097)  (1300,3095)  (1300,3065)  (1300,3035)  (1330,3034)  (1360,3034)  (1480,3007)  (1510,3007)  (1510,3037)  (1391,3244)  (1361,3244)  (1272,3184)  (1272,3154)  (1511,3127)  (1511,3157)  (1511,3187)  (1511,3217)  (1481,3245)  (1451,3245)  (1421,3245)  (1271,3005)  (1390,3005)  (1420,3005)  (1450,3005)  (1512,3067)  (1512,3097)  (1270,3124)  (1270,3094)  (1270,3064)  (1301,3004)  (1331,3004)  (1513,3247)  (1480,2977)  (1510,2977)  (1391,3274)  (1361,3274)  (1242,3164)  (1483,3275)  (1453,3275)  (1423,3275)  (1241,3034)  (1241,3004)  (1271,2975)  (1361,2975)  (1391,2975)  (1421,2975)  (1240,3134)  (1240,3104)  (1240,3074)  (1240,2974)  (1301,2974)  (1331,2974)  (1527,3277)  (1393,3304)  (1497,3305)  (1467,3305)  (1437,3305)  (1211,3044)  (1211,3014)  (1210,3121)  (1210,3091)  (1210,2984)
South Lebanon  (1936,1094)  (1951,1064)  (1940,1124)  (1938,1154)  (1975,1018)  (1908,1182)  (2035,1008)
Janub Sina Sector 3  (1636,2837)  (1606,2866)  (1606,2836)  (1665,2867)  (1636,2807)  (1666,2807)  (1666,2837)  (1604,2806)  (1635,2896)  (1605,2896)  (1576,2866)  (1576,2836)  (1695,2867)  (1695,2897)  (1665,2897)  (1575,2897)  (1634,2777)  (1664,2777)  (1694,2777)  (1696,2807)  (1696,2837)  (1574,2806)  (1574,2776)  (1604,2776)  (1724,2749)  (1635,2926)  (1605,2926)  (1699,2927)  (1669,2927)  (1575,2927)  (1634,2747)  (1664,2747)  (1694,2747)  (1726,2779)  (1726,2809)  (1557,2746)  (1587,2746)  (1639,2956)  (1609,2956)  (1684,2957)  (1579,2957)  (1617,2717)  (1756,2754)  (1557,2716)  (1587,2716)  (1557,2686)
Janub Sina Sector 2  (1338,2770)  (1308,2799)  (1308,2769)  (1367,2800)  (1338,2740)  (1368,2740)  (1368,2770)  (1306,2739)  (1337,2829)  (1307,2829)  (1278,2799)  (1278,2769)  (1397,2800)  (1397,2830)  (1367,2830)  (1277,2830)  (1336,2710)  (1366,2710)  (1396,2710)  (1398,2740)  (1398,2770)  (1276,2739)  (1276,2709)  (1306,2709)  (1426,2682)  (1337,2859)  (1307,2859)  (1248,2800)  (1248,2770)  (1427,2800)  (1427,2830)  (1427,2860)  (1397,2860)  (1367,2860)  (1277,2860)  (1247,2860)  (1247,2830)  (1336,2680)  (1366,2680)  (1396,2680)  (1428,2712)  (1428,2742)  (1246,2740)  (1246,2710)  (1246,2680)  (1276,2679)  (1306,2679)  (1426,2652)  (1456,2652)  (1456,2682)  (1337,2889)  (1307,2889)  (1218,2800)  (1218,2770)  (1457,2772)  (1457,2802)  (1457,2832)  (1457,2862)  (1427,2890)  (1397,2890)  (1367,2890)  (1277,2890)  (1247,2890)  (1217,2890)  (1217,2860)  (1217,2830)  (1217,2650)  (1336,2650)  (1366,2650)  (1396,2650)  (1458,2712)  (1458,2742)  (1216,2740)  (1216,2710)  (1216,2680)  (1247,2649)  (1277,2649)  (1459,2892)  (1486,2657)  (1337,2919)  (1307,2919)  (1188,2800)  (1188,2770)  (1487,2772)  (1487,2802)  (1487,2832)  (1487,2862)  (1429,2920)  (1399,2920)  (1369,2920)  (1277,2920)  (1247,2920)  (1217,2920)  (1187,2920)  (1187,2890)  (1187,2860)  (1187,2830)  (1187,2650)  (1187,2620)  (1217,2620)  (1307,2620)  (1337,2620)  (1367,2620)  (1397,2620)  (1488,2687)  (1488,2717)  (1186,2740)  (1186,2710)  (1186,2680)  (1247,2619)  (1277,2619)  (1489,2892)  (1489,2922)  (1459,2922)  (1517,2747)  (1517,2777)  (1517,2807)  (1517,2837)  (1181,2590)  (1211,2590)  (1307,2590)  (1518,2670)  (1518,2700)  (1241,2589)  (1271,2589)  (1519,2867)  (1519,2897)  (1519,2927)
Golan Heights South  (2096,1286)  (2111,1316)  (2081,1316)  (2101,1256)  (2126,1286)  (2131,1252)  (2087,1346)
Janub Sina Sector 1  (1080,2698)  (1050,2727)  (1050,2697)  (1109,2728)  (1080,2668)  (1110,2668)  (1110,2698)  (1048,2667)  (1079,2757)  (1049,2757)  (1020,2724)  (1139,2728)  (1139,2758)  (1109,2758)  (1078,2638)  (1108,2638)  (1138,2638)  (1140,2668)  (1140,2698)  (1018,2694)  (1018,2664)  (1048,2637)  (1015,2634)  (1079,2787)  (1151,2788)  (1121,2788)  (1078,2608)  (1108,2608)  (1138,2608)  (1045,2607)  (1091,2817)  (1151,2818)  (1121,2818)  (1075,2578)  (1105,2578)  (1135,2578)  (1151,2848)  (1121,2848)  (1151,2878)  (1151,2908)
Al Buhayrah  (239,2242)  (209,2271)  (209,2241)  (268,2272)  (239,2212)  (269,2212)  (269,2242)  (207,2211)  (238,2301)  (208,2301)  (292,2302)  (237,2182)  (267,2182)  (200,2181)  (262,2331)  (232,2331)  (202,2331)  (294,2332)  (230,2152)  (260,2152)  (200,2151)  (264,2361)  (234,2361)  (204,2361)  (298,2362)  (230,2122)  (260,2122)  (200,2121)  (268,2391)  (238,2391)  (208,2391)  (230,2092)  (200,2091)  (251,2421)  (221,2421)  (200,2061)  (206,2451)  (200,2031)
4 Sea Zone  (1255,1570)  (1225,1599)  (1225,1569)  (1284,1600)  (1255,1540)  (1285,1540)  (1285,1570)  (1223,1539)  (1254,1629)  (1224,1629)  (1195,1599)  (1195,1569)  (1314,1600)  (1314,1630)  (1284,1630)  (1194,1630)  (1253,1510)  (1283,1510)  (1313,1510)  (1315,1540)  (1315,1570)  (1193,1539)  (1193,1509)  (1223,1509)  (1343,1482)  (1254,1659)  (1224,1659)  (1165,1600)  (1165,1570)  (1344,1600)  (1344,1630)  (1344,1660)  (1314,1660)  (1284,1660)  (1194,1660)  (1164,1660)  (1164,1630)  (1253,1480)  (1283,1480)  (1313,1480)  (1345,1512)  (1345,1542)  (1163,1540)  (1163,1510)  (1163,1480)  (1193,1479)  (1223,1479)  (1343,1452)  (1373,1452)  (1373,1482)  (1254,1689)  (1224,1689)  (1135,1600)  (1135,1570)  (1374,1572)  (1374,1602)  (1374,1632)  (1374,1662)  (1344,1690)  (1314,1690)  (1284,1690)  (1194,1690)  (1164,1690)  (1134,1690)  (1134,1660)  (1134,1630)  (1134,1450)  (1253,1450)  (1283,1450)  (1313,1450)  (1375,1512)  (1375,1542)  (1133,1540)  (1133,1510)  (1133,1480)  (1164,1449)  (1194,1449)  (1376,1692)  (1343,1422)  (1373,1422)  (1403,1422)  (1403,1452)  (1403,1482)  (1254,1719)  (1224,1719)  (1105,1600)  (1105,1570)  (1404,1572)  (1404,1602)  (1404,1632)  (1404,1662)  (1346,1720)  (1316,1720)  (1286,1720)  (1194,1720)  (1164,1720)  (1134,1720)  (1104,1720)  (1104,1690)  (1104,1660)  (1104,1630)  (1104,1450)  (1104,1420)  (1134,1420)  (1224,1420)  (1254,1420)  (1284,1420)  (1405,1512)  (1405,1542)  (1103,1540)  (1103,1510)  (1103,1480)  (1164,1419)  (1194,1419)  (1406,1692)  (1406,1722)  (1376,1722)  (1314,1392)  (1344,1392)  (1374,1392)  (1404,1392)  (1433,1422)  (1433,1452)  (1433,1482)  (1256,1749)  (1226,1749)  (1075,1600)  (1075,1570)  (1434,1391)  (1434,1572)  (1434,1602)  (1434,1632)  (1434,1662)  (1346,1750)  (1316,1750)  (1286,1750)  (1196,1750)  (1166,1750)  (1136,1750)  (1106,1750)  (1076,1750)  (1074,1720)  (1074,1690)  (1074,1660)  (1074,1630)  (1074,1450)  (1074,1420)  (1074,1390)  (1104,1390)  (1134,1390)  (1224,1390)  (1254,1390)  (1284,1390)  (1435,1512)  (1435,1542)  (1073,1540)  (1073,1510)  (1073,1480)  (1164,1389)  (1194,1389)  (1436,1692)  (1436,1722)  (1436,1752)  (1406,1752)  (1376,1752)  (1046,1778)  (1314,1362)  (1344,1362)  (1374,1362)  (1404,1362)  (1463,1421)  (1463,1451)  (1463,1481)  (1256,1779)  (1226,1779)  (1045,1600)  (1045,1570)  (1434,1361)  (1464,1361)  (1464,1391)  (1464,1572)  (1464,1602)  (1464,1632)  (1464,1662)  (1346,1780)  (1316,1780)  (1286,1780)  (1196,1780)  (1166,1780)  (1136,1780)  (1106,1780)  (1076,1780)  (1044,1748)  (1044,1718)  (1044,1688)  (1044,1658)  (1044,1450)  (1044,1420)  (1044,1390)  (1044,1360)  (1074,1360)  (1104,1360)  (1134,1360)  (1224,1360)  (1254,1360)  (1284,1360)  (1465,1511)  (1465,1541)  (1043,1540)  (1043,1510)  (1043,1480)  (1164,1359)  (1194,1359)  (1466,1692)  (1466,1722)  (1466,1752)  (1466,1782)  (1436,1782)  (1406,1782)  (1376,1782)  (1046,1808)  (1016,1808)  (1016,1778)  (1314,1332)  (1344,1332)  (1374,1332)  (1404,1332)  (1493,1421)  (1493,1451)  (1493,1481)  (1256,1809)  (1226,1809)  (1015,1628)  (1015,1598)  (1434,1331)  (1464,1331)  (1494,1331)  (1494,1361)  (1494,1391)  (1494,1571)  (1494,1601)  (1494,1631)  (1494,1661)  (1346,1810)  (1316,1810)  (1286,1810)  (1196,1810)  (1166,1810)  (1136,1810)  (1106,1810)  (1076,1810)  (1014,1748)  (1014,1718)  (1014,1688)  (1014,1658)  (1014,1450)  (1014,1420)  (1014,1390)  (1014,1360)  (1014,1330)  (1044,1330)  (1074,1330)  (1104,1330)  (1134,1330)  (1224,1330)  (1254,1330)  (1284,1330)  (1495,1511)  (1495,1541)  (1013,1568)  (1013,1538)  (1013,1508)  (1164,1329)  (1194,1329)  (1496,1691)  (1496,1721)  (1496,1751)  (1496,1781)  (1496,1811)  (1466,1812)  (1436,1812)  (1406,1812)  (1376,1812)  (1046,1838)  (1016,1838)  (986,1838)  (986,1808)  (986,1778)  (1314,1302)  (1344,1302)  (1374,1302)  (1404,1302)  (1523,1421)  (1523,1451)  (1523,1481)  (1256,1839)  (1226,1839)  (985,1628)  (985,1598)  (1434,1301)  (1464,1301)  (1494,1301)  (1524,1301)  (1524,1331)  (1524,1361)  (1524,1391)  (1524,1571)  (1524,1601)  (1524,1631)  (1524,1661)  (1346,1840)  (1316,1840)  (1286,1840)  (1196,1840)  (1166,1840)  (1136,1840)  (1106,1840)  (1076,1840)  (984,1748)  (984,1718)  (984,1688)  (984,1658)  (984,1478)  (984,1448)  (984,1418)  (984,1388)  (984,1358)  (984,1328)  (1014,1300)  (1044,1300)  (1074,1300)  (1104,1300)  (1134,1300)  (1224,1300)  (1254,1300)  (1284,1300)  (1525,1511)  (1525,1541)  (1525,1841)  (983,1568)  (983,1538)  (983,1508)  (1164,1299)  (1194,1299)  (1526,1691)  (1526,1721)  (1526,1751)  (1526,1781)  (1526,1811)  (1495,1842)  (1465,1842)  (1435,1842)  (1405,1842)  (982,1298)  (1046,1868)  (1016,1868)  (986,1868)  (1314,1272)  (1344,1272)  (1374,1272)  (1404,1272)  (1256,1869)  (1226,1869)  (1434,1271)  (1464,1271)  (1494,1271)  (1524,1271)  (1375,1870)  (1345,1870)  (1315,1870)  (1196,1870)  (1166,1870)  (1136,1870)  (1106,1870)  (1076,1870)  (1012,1270)  (1042,1270)  (1072,1270)  (1102,1270)  (1132,1270)  (1224,1270)  (1254,1270)  (1284,1270)  (1530,1871)  (1162,1269)  (1192,1269)  (1500,1872)  (1470,1872)  (1440,1872)  (1410,1872)  (968,1268)  (1046,1898)  (1016,1898)  (986,1898)  (1314,1242)  (1344,1242)  (1374,1242)  (1404,1242)  (1285,1899)  (1255,1899)  (1434,1241)  (1464,1241)  (1494,1241)  (1524,1241)  (1380,1900)  (1350,1900)  (1320,1900)  (1225,1900)  (1195,1900)  (1165,1900)  (1135,1900)  (1105,1900)  (998,1240)  (1028,1240)  (1058,1240)  (1088,1240)  (1118,1240)  (1222,1240)  (1252,1240)  (1282,1240)  (1530,1901)  (1148,1239)  (1178,1239)  (1500,1902)  (1470,1902)  (1440,1902)  (1410,1902)  (968,1238)  (1075,1928)  (1045,1928)  (1015,1928)  (985,1928)  (1290,1929)  (1260,1929)  (1380,1930)  (1350,1930)  (1320,1930)  (1230,1930)  (1200,1930)  (1170,1930)  (1140,1930)  (1110,1930)  (1530,1931)  (1500,1932)  (1470,1932)  (1440,1932)  (1410,1932)  (1080,1958)  (1050,1958)  (1020,1958)  (990,1958)  (1290,1959)  (1260,1959)  (1380,1960)  (1350,1960)  (1320,1960)  (1230,1960)  (1200,1960)  (1170,1960)  (1140,1960)  (1110,1960)  (1515,1962)  (1485,1962)  (1455,1962)  (1425,1962)  (1080,1988)  (1050,1988)  (1020,1988)  (990,1988)  (1290,1989)  (1260,1989)  (1395,1990)  (1365,1990)  (1335,1990)  (1230,1990)  (1200,1990)  (1170,1990)  (1140,1990)  (1110,1990)  (1472,1992)  (1442,1992)  (1075,2018)  (1045,2018)  (1015,2018)  (985,2018)  (1305,2019)  (1275,2019)  (1404,2020)  (1374,2020)  (1344,2020)  (1025,2048)  (995,2048)
Cyprus  (1074,310)  (1044,339)  (1044,309)  (1103,340)  (1074,280)  (1104,280)  (1104,310)  (1042,279)  (1073,369)  (1043,369)  (1014,339)  (1014,309)  (1133,340)  (1133,370)  (1103,370)  (1013,370)  (1072,250)  (1102,250)  (1132,250)  (1134,280)  (1134,310)  (1012,279)  (1012,249)  (1042,249)  (1162,222)  (1073,399)  (1043,399)  (984,340)  (984,310)  (1163,340)  (1163,370)  (1163,400)  (1133,400)  (1103,400)  (1013,400)  (983,400)  (983,370)  (1072,220)  (1102,220)  (1132,220)  (1164,252)  (1164,282)  (982,280)  (982,250)  (985,219)  (1015,219)  (1192,200)  (1073,429)  (1043,429)  (954,340)  (954,310)  (1193,312)  (1193,342)  (1193,372)  (1193,402)  (1156,430)  (1126,430)  (1013,430)  (983,430)  (953,430)  (953,400)  (953,370)  (1194,230)  (1194,260)  (952,280)  (1222,200)  (924,340)  (924,310)  (1223,290)  (1223,320)  (1223,350)  (1223,380)  (1005,460)  (975,460)  (945,460)  (923,430)  (923,400)  (923,370)  (1224,230)  (1224,260)  (922,280)  (915,462)  (1252,200)  (894,340)  (894,310)  (1253,290)  (1253,320)  (1253,350)  (987,490)  (893,432)  (893,402)  (893,372)  (1254,230)  (1254,260)  (892,280)  (885,464)  (1282,200)  (864,342)  (864,312)  (1283,290)  (1283,320)  (863,434)  (863,404)  (863,374)  (1284,230)  (1284,260)  (862,282)  (855,464)  (1312,200)  (834,344)  (834,314)  (1313,290)  (1313,320)  (833,434)  (833,404)  (833,374)  (1314,230)  (1314,260)  (832,284)  (1342,200)  (804,344)  (804,314)  (1343,290)  (1343,320)  (803,444)  (803,414)  (803,384)  (1344,230)  (1344,260)  (1372,200)  (774,354)  (774,324)  (1373,290)  (1373,320)  (773,424)  (773,394)  (744,364)  (744,334)  (1403,304)
North Damascus  (2262,959)  (2232,988)  (2232,958)  (2291,989)  (2262,929)  (2292,929)  (2292,959)  (2230,928)  (2261,1018)  (2231,1018)  (2319,1019)  (2292,899)  (2252,898)
6 Sea Zone  (1132,3123)  (1102,3128)  (1102,3098)  (1161,3153)  (1132,3093)  (1162,3109)  (1131,3158)  (1076,3068)  (1072,3099)  (1191,3162)  (1161,3183)  (1106,3063)  (1136,3063)  (1200,3192)  (1053,3038)  (1170,3213)  (1083,3033)  (1113,3033)  (1143,3033)  (1230,3208)  (1200,3222)  (1246,3238)  (1028,3008)  (1058,3003)  (1088,3003)  (1118,3003)  (1148,3003)  (1216,3252)  (1276,3245)  (1246,3268)  (1005,2978)  (1035,2973)  (1065,2973)  (1095,2973)  (1125,2973)  (1283,3275)  (1253,3298)  (987,2948)  (1017,2943)  (1047,2943)  (1077,2943)  (1107,2943)  (1313,3283)  (1283,3305)  (1321,3313)  (1253,3328)  (996,2913)  (1026,2913)  (1056,2913)  (1086,2913)  (1291,3335)  (1344,3343)  (996,2883)  (1026,2883)  (1056,2883)  (1314,3365)  (1372,3373)  (992,2853)  (1022,2853)  (1342,3395)  (1403,3399)  (1373,3403)  (984,2823)  (1014,2823)  (1433,3416)  (1343,3425)  (1403,3429)  (1373,3433)  (1454,3446)  (975,2793)  (1005,2793)  (1343,3455)  (1424,3459)  (1394,3463)  (1484,3462)  (1454,3476)  (960,2763)  (1364,3485)  (1307,3485)  (1424,3489)  (1500,3492)  (1394,3493)  (1470,3506)  (930,2734)  (960,2733)  (1364,3515)  (1334,3515)  (1440,3519)  (1527,3522)  (1410,3523)  (1497,3536)  (900,2708)  (930,2704)  (960,2703)  (1380,3545)  (1350,3545)  (1467,3549)  (1527,3552)  (1437,3553)  (1497,3566)  (888,2678)  (918,2674)  (948,2673)  (1407,3575)  (1377,3575)  (1467,3579)  (1527,3582)  (1437,3583)  (1497,3596)  (908,2644)  (938,2643)  (1407,3605)  (1377,3605)  (1467,3609)  (1527,3612)  (1437,3613)  (1497,3626)  (937,2613)  (1467,3639)  (1527,3642)  (1437,3643)  (1497,3656)  (938,2583)  (1467,3669)
Ninevah  (3131,834)  (3101,863)  (3101,833)  (3160,864)  (3131,804)  (3161,804)  (3161,834)  (3099,803)  (3130,893)  (3100,893)  (3071,863)  (3071,833)  (3190,864)  (3190,894)  (3160,894)  (3070,894)  (3129,774)  (3159,774)  (3189,774)  (3191,804)  (3191,834)  (3069,803)  (3069,773)  (3099,773)  (3219,746)  (3130,923)  (3100,923)  (3041,864)  (3041,834)  (3220,864)  (3220,894)  (3220,924)  (3190,924)  (3160,924)  (3070,924)  (3040,924)  (3040,894)  (3129,744)  (3159,744)  (3189,744)  (3221,776)  (3221,806)  (3039,804)  (3039,774)  (3039,744)  (3069,743)  (3099,743)  (3219,716)  (3249,716)  (3249,746)  (3130,953)  (3100,953)  (3011,864)  (3011,834)  (3250,836)  (3250,866)  (3250,896)  (3250,926)  (3220,954)  (3190,954)  (3160,954)  (3070,954)  (3040,954)  (3010,954)  (3010,924)  (3010,894)  (3013,714)  (3129,714)  (3159,714)  (3189,714)  (3251,776)  (3251,806)  (3009,804)  (3009,774)  (3009,744)  (3043,713)  (3073,713)  (3252,956)  (3219,686)  (3249,686)  (3130,983)  (3100,983)  (2981,864)  (2981,834)  (3222,984)  (3192,984)  (3162,984)  (3070,984)  (3040,984)  (3010,984)  (3103,684)  (3133,684)  (3163,684)  (2979,804)  (2979,774)  (2979,744)  (3071,683)  (3270,986)  (3193,656)  (3223,656)  (3253,656)  (3132,1013)  (3102,1013)  (3240,1014)  (3210,1014)  (3180,1014)  (3072,1014)  (3042,1014)  (3012,1014)  (3101,654)  (3131,654)  (3161,654)  (3270,1016)  (3191,626)  (3221,626)  (3251,626)  (3150,1043)  (3120,1043)  (3240,1044)  (3210,1044)  (3180,1044)  (3090,1044)  (3060,1044)  (3030,1044)  (3000,1044)  (3114,624)  (3144,624)  (3270,1046)  (3174,596)  (3204,596)  (3234,596)  (3264,596)  (3150,1073)  (3120,1073)  (3240,1074)  (3210,1074)  (3180,1074)  (3090,1074)  (3060,1074)  (3030,1074)  (3135,594)  (3270,1076)  (3165,566)  (3195,566)  (3225,566)  (3255,566)  (3150,1103)  (3234,1104)  (3204,1104)  (3207,536)  (3237,536)  (3267,536)  (3222,506)  (3252,506)
7 Sea Zone  (1692,3158)  (1662,3187)  (1715,3188)  (1679,3128)  (1709,3128)  (1722,3158)  (1685,3217)  (1655,3217)  (1696,3098)  (1726,3098)  (1692,3247)  (1662,3247)  (1711,3068)  (1741,3051)  (1677,3277)  (1647,3277)  (1711,3035)  (1741,3021)  (1661,3307)  (1721,2991)  (1751,2991)  (1661,3337)  (1844,3340)  (1814,3347)  (1784,3347)  (1719,3347)  (1754,3351)  (1733,2961)  (1689,3367)  (1659,3367)  (1869,3370)  (1839,3377)  (1809,3377)  (1724,3377)  (1779,3381)  (1733,2931)  (1629,3392)  (1694,3397)  (1664,3397)  (1880,3400)  (1763,2912)  (1850,3407)  (1820,3407)  (1749,3407)  (1916,3408)  (1790,3411)  (1634,3422)  (1604,3422)  (1719,3427)  (1689,3427)  (1886,3430)  (1747,2882)  (1856,3437)  (1826,3437)  (1760,3437)  (1941,3438)  (1796,3441)  (1659,3452)  (1629,3452)  (1599,3452)  (1730,3457)  (1700,3457)  (1911,3460)  (1569,3463)  (1755,2852)  (1881,3467)  (1851,3467)  (1766,3467)  (1960,3468)  (1821,3471)  (1670,3482)  (1640,3482)  (1610,3482)  (1785,2833)  (1736,3487)  (1706,3487)  (1930,3490)  (1580,3493)  (1900,3497)  (1870,3497)  (1791,3497)  (1982,3498)  (1840,3501)  (1676,3512)  (1646,3512)  (1616,3512)  (1774,2803)  (1761,3517)  (1731,3517)  (1952,3520)  (1586,3523)  (1922,3527)  (1892,3527)  (1810,3527)  (2000,3528)  (1862,3531)  (1701,3542)  (1671,3542)  (1641,3542)  (1796,2773)  (1780,3547)  (1750,3547)  (1970,3550)  (1611,3553)  (1581,3553)  (1940,3557)  (1910,3557)  (1832,3557)  (2014,3558)  (1880,3561)  (1720,3572)  (1690,3572)  (1660,3572)  (1802,3577)  (1772,3577)  (1984,3580)  (1630,3583)  (1600,3583)  (1570,3583)  (1954,3587)  (1924,3587)  (1850,3587)  (2025,3588)  (1894,3591)  (1742,3602)  (1712,3602)  (1682,3602)  (1820,3607)  (1790,3607)  (1995,3610)  (1652,3613)  (1622,3613)  (1592,3613)  (1562,3613)  (1965,3617)  (1935,3617)  (1864,3617)  (2042,3618)  (1905,3621)  (1760,3632)  (1730,3632)  (1700,3632)  (1834,3637)  (1804,3637)  (2012,3640)  (1670,3643)  (1640,3643)  (1610,3643)  (1580,3643)  (1982,3647)  (1952,3647)  (1875,3647)  (2071,3648)  (1922,3651)  (1774,3662)  (1744,3662)  (1714,3662)  (1845,3667)  (1815,3667)
Akko  (1907,1265)  (1877,1278)  (1936,1295)  (1878,1235)  (1908,1235)  (1937,1265)  (1906,1308)
Ashqelon  (1739,1837)  (1709,1866)  (1709,1836)  (1768,1867)  (1739,1807)  (1769,1807)  (1769,1837)  (1707,1806)  (1738,1896)  (1708,1896)  (1679,1840)  (1783,1897)  (1737,1777)  (1767,1777)  (1799,1820)  (1678,1906)  (1724,1747)  (1754,1747)
As Suways  (784,2671)  (754,2700)  (754,2670)  (813,2701)  (784,2641)  (814,2641)  (814,2671)  (752,2640)  (783,2730)  (753,2730)  (724,2700)  (724,2670)  (843,2701)  (843,2731)  (813,2731)  (723,2731)  (782,2611)  (812,2611)  (842,2611)  (844,2641)  (844,2671)  (722,2640)  (724,2610)  (872,2583)  (783,2760)  (753,2760)  (873,2741)  (843,2761)  (813,2761)  (723,2761)  (754,2581)  (784,2581)  (814,2581)  (874,2613)  (722,2580)  (883,2771)  (844,2553)  (874,2553)  (783,2790)  (753,2790)  (853,2791)  (823,2791)  (723,2791)  (752,2551)  (782,2551)  (812,2551)  (718,2550)  (904,2544)  (913,2776)  (883,2801)  (918,2806)  (842,2523)  (872,2523)  (793,2820)  (763,2820)  (853,2821)  (823,2821)  (733,2821)  (748,2521)  (778,2521)  (808,2521)  (714,2520)  (888,2831)  (948,2832)  (918,2836)  (838,2493)  (868,2493)  (793,2850)  (763,2850)  (858,2851)  (828,2851)  (733,2851)  (744,2491)  (774,2491)  (804,2491)  (710,2490)  (888,2861)  (957,2862)  (834,2463)  (864,2463)  (798,2880)  (768,2880)  (738,2881)  (740,2461)  (770,2461)  (800,2461)  (706,2460)  (777,2910)  (747,2911)  (717,2911)  (732,2941)
Lattakia  (2212,339)  (2182,368)  (2182,338)  (2241,369)  (2212,309)  (2242,309)  (2242,339)  (2180,308)  (2211,398)  (2181,398)  (2271,369)  (2271,399)  (2241,399)  (2210,279)  (2240,279)  (2270,279)  (2272,309)  (2272,339)  (2211,428)  (2181,428)  (2288,429)  (2258,429)  (2183,249)  (2213,249)  (2243,249)  (2228,458)  (2198,458)  (2282,459)  (2180,219)  (2210,219)  (2240,219)  (2252,488)  (2222,488)  (2192,488)
Haifa  (1816,1414)  (1828,1444)  (1820,1384)  (1839,1474)  (1809,1474)  (1823,1354)  (1853,1345)
East Suez  (1001,2529)  (971,2552)  (1010,2499)  (1011,2559)  (1009,2461)  (991,2431)  (958,2420)
As Salt  (2065,1667)  (2061,1697)  (2044,1637)  (2074,1637)  (2095,1667)  (2104,1628)  (2059,1727)  (2052,1607)  (2134,1623)  (2051,1757)
Jezreel Plain  (1944,1414)  (1914,1418)  (1914,1388)  (1974,1422)  (1992,1452)  (1916,1358)  (1884,1418)  (1884,1388)  (2011,1482)
Az Zarqa  (2394,1666)  (2423,1696)  (2343,1640)  (2453,1683)  (2453,1713)  (2470,1743)  (2313,1641)  (2483,1694)  (2500,1724)  (2500,1754)  (2283,1631)  (2511,1784)  (2530,1711)  (2530,1741)  (2253,1631)  (2541,1771)  (2541,1801)  (2558,1831)  (2560,1722)  (2223,1635)  (2571,1752)  (2571,1782)  (2201,1605)  (2588,1812)  (2588,1842)  (2601,1737)  (2601,1767)  (2171,1601)  (2618,1797)  (2618,1827)  (2161,1571)  (2631,1748)  (2648,1778)  (2648,1808)  (2648,1838)  (2131,1587)  (2678,1764)  (2678,1794)  (2678,1824)  (2708,1775)  (2708,1805)  (2738,1786)  (2738,1816)  (2768,1796)
Amman  (2312,1825)  (2282,1854)  (2282,1824)  (2341,1855)  (2312,1795)  (2342,1795)  (2342,1825)  (2280,1794)  (2311,1884)  (2281,1884)  (2252,1854)  (2252,1824)  (2371,1855)  (2371,1885)  (2341,1885)  (2251,1885)  (2310,1765)  (2340,1765)  (2370,1765)  (2372,1795)  (2372,1825)  (2250,1794)  (2250,1764)  (2280,1764)  (2400,1740)  (2311,1914)  (2281,1914)  (2222,1855)  (2222,1825)  (2401,1855)  (2401,1885)  (2401,1915)  (2371,1915)  (2341,1915)  (2251,1915)  (2221,1915)  (2221,1885)  (2310,1735)  (2340,1735)  (2370,1735)  (2402,1770)  (2402,1800)  (2220,1795)  (2220,1765)  (2220,1735)  (2250,1734)  (2280,1734)  (2311,1944)  (2281,1944)  (2192,1855)  (2192,1825)  (2431,1830)  (2431,1860)  (2431,1890)  (2431,1920)  (2401,1945)  (2371,1945)  (2341,1945)  (2251,1945)  (2221,1945)  (2191,1945)  (2191,1915)  (2191,1885)  (2191,1705)  (2310,1705)  (2340,1705)  (2432,1775)  (2190,1795)  (2190,1765)  (2190,1735)  (2221,1704)  (2251,1704)  (2436,1950)  (2162,1832)  (2461,1806)  (2461,1836)  (2461,1866)  (2461,1896)  (2161,1964)  (2161,1934)  (2161,1904)  (2161,1705)  (2164,1675)  (2281,1675)  (2311,1675)  (2160,1802)  (2160,1772)  (2160,1742)  (2247,1674)  (2466,1926)  (2466,1956)  (2491,1839)  (2491,1869)  (2131,1712)  (2130,1742)  (2496,1899)  (2496,1929)  (2496,1959)  (2526,1877)  (2526,1907)  (2526,1937)  (2526,1967)  (2556,1966)
Qena  (876,3511)  (846,3540)  (846,3510)  (905,3541)  (876,3481)  (906,3481)  (906,3511)  (844,3480)  (875,3570)  (845,3570)  (816,3540)  (816,3510)  (935,3541)  (935,3571)  (905,3571)  (815,3571)  (874,3451)  (904,3451)  (934,3451)  (936,3481)  (936,3511)  (814,3480)  (814,3450)  (844,3450)  (964,3423)  (875,3600)  (845,3600)  (786,3541)  (786,3511)  (965,3541)  (965,3571)  (965,3601)  (935,3601)  (905,3601)  (815,3601)  (785,3601)  (785,3571)  (874,3421)  (904,3421)  (934,3421)  (966,3453)  (966,3483)  (784,3481)  (784,3451)  (784,3421)  (814,3420)  (844,3420)  (964,3393)  (994,3393)  (994,3423)  (875,3630)  (845,3630)  (756,3541)  (756,3511)  (995,3513)  (995,3543)  (995,3573)  (995,3603)  (965,3631)  (935,3631)  (905,3631)  (815,3631)  (785,3631)  (755,3631)  (755,3601)  (755,3571)  (755,3391)  (874,3391)  (904,3391)  (934,3391)  (996,3453)  (996,3483)  (754,3481)  (754,3451)  (754,3421)  (785,3390)  (815,3390)  (997,3633)  (964,3363)  (994,3363)  (1024,3363)  (1024,3393)  (1024,3423)  (875,3660)  (845,3660)  (726,3541)  (726,3511)  (1025,3513)  (1025,3543)  (1025,3573)  (1025,3603)  (967,3661)  (937,3661)  (907,3661)  (815,3661)  (785,3661)  (755,3661)  (725,3661)  (725,3631)  (725,3601)  (725,3571)  (725,3391)  (725,3361)  (755,3361)  (845,3361)  (875,3361)  (905,3361)  (1026,3453)  (1026,3483)  (724,3481)  (724,3451)  (724,3421)  (785,3360)  (815,3360)  (1027,3633)  (1027,3663)  (997,3663)  (1054,3336)  (1054,3366)  (1054,3396)  (696,3541)  (696,3511)  (1055,3513)  (1055,3543)  (1055,3573)  (1055,3603)  (695,3669)  (695,3639)  (695,3609)  (695,3579)  (695,3391)  (695,3361)  (1056,3426)  (1056,3456)  (694,3481)  (694,3451)  (694,3421)  (1057,3633)  (1057,3663)  (1084,3336)  (1084,3366)  (1084,3396)  (666,3549)  (666,3519)  (1085,3486)  (1085,3516)  (1085,3546)  (1085,3576)  (665,3669)  (665,3639)  (665,3609)  (665,3579)  (665,3391)  (665,3361)  (1086,3426)  (1086,3456)  (664,3489)  (664,3459)  (664,3429)  (1087,3606)  (1087,3636)  (1087,3666)  (1114,3336)  (1114,3366)  (1114,3396)  (636,3549)  (636,3519)  (1115,3486)  (1115,3516)  (1115,3546)  (1115,3576)  (635,3669)  (635,3639)  (635,3609)  (635,3579)  (635,3399)  (635,3369)  (635,3339)  (1116,3426)  (1116,3456)  (634,3489)  (634,3459)  (634,3429)  (1117,3606)  (1117,3636)  (1117,3666)  (1144,3336)  (1144,3366)  (1144,3396)  (606,3549)  (606,3519)  (1145,3486)  (1145,3516)  (1145,3546)  (1145,3576)  (605,3669)  (605,3639)  (605,3609)  (605,3579)  (605,3399)  (605,3369)  (605,3339)  (1146,3426)  (1146,3456)  (604,3489)  (604,3459)  (604,3429)  (1147,3606)  (1147,3636)  (1147,3666)  (1174,3336)  (1174,3366)  (1174,3396)  (576,3549)  (576,3519)  (1175,3486)  (1175,3516)  (1175,3546)  (1175,3576)  (575,3669)  (575,3639)  (575,3609)  (575,3579)  (575,3399)  (575,3369)  (575,3339)  (1176,3426)  (1176,3456)  (574,3489)  (574,3459)  (574,3429)  (1177,3606)  (1177,3636)  (1177,3666)  (1204,3336)  (1204,3366)  (1204,3396)  (546,3549)  (546,3519)  (1205,3486)  (1205,3516)  (1205,3546)  (1205,3576)  (545,3669)  (545,3639)  (545,3609)  (545,3579)  (545,3399)  (545,3369)  (545,3339)  (1206,3426)  (1206,3456)  (544,3489)  (544,3459)  (544,3429)  (1207,3606)  (1207,3636)  (1207,3666)  (1234,3361)  (1234,3391)  (516,3549)  (516,3519)  (1235,3486)  (1235,3516)  (1235,3546)  (1235,3576)  (515,3651)  (515,3621)  (515,3591)  (515,3399)  (515,3369)  (515,3339)  (1236,3421)  (1236,3451)  (514,3489)  (514,3459)  (514,3429)  (1237,3606)  (1237,3636)  (1237,3666)  (1264,3379)  (486,3561)  (486,3531)  (1265,3481)  (1265,3511)  (1265,3541)  (1265,3571)  (485,3607)  (485,3399)  (485,3369)  (485,3339)  (1266,3409)  (1266,3439)  (484,3501)  (484,3471)  (484,3441)  (1267,3601)  (1267,3631)  (1267,3661)  (456,3577)  (456,3547)  (1295,3563)  (455,3411)  (455,3381)  (455,3351)  (1296,3433)  (454,3517)  (454,3487)  (454,3457)  (1297,3593)  (1297,3623)  (1297,3653)  (426,3576)  (425,3427)  (425,3397)  (425,3367)  (425,3337)  (424,3546)  (424,3516)  (424,3486)  (1327,3611)  (1327,3641)  (395,3456)  (395,3426)  (395,3396)  (395,3366)  (395,3336)  (394,3563)  (394,3533)  (394,3503)  (1357,3664)  (365,3473)  (365,3337)  (364,3512)
Jerusalem  (1828,1761)  (1850,1791)  (1806,1731)
3 Sea Zone  (578,1546)  (548,1575)  (548,1545)  (607,1576)  (578,1516)  (608,1516)  (608,1546)  (546,1515)  (577,1605)  (547,1605)  (518,1575)  (518,1545)  (637,1576)  (637,1606)  (607,1606)  (517,1606)  (576,1486)  (606,1486)  (636,1486)  (638,1516)  (638,1546)  (516,1515)  (516,1485)  (546,1485)  (666,1458)  (577,1635)  (547,1635)  (488,1576)  (488,1546)  (667,1576)  (667,1606)  (667,1636)  (637,1636)  (607,1636)  (517,1636)  (487,1636)  (487,1606)  (576,1456)  (606,1456)  (636,1456)  (668,1488)  (668,1518)  (486,1516)  (486,1486)  (486,1456)  (516,1455)  (546,1455)  (666,1428)  (696,1428)  (696,1458)  (577,1665)  (547,1665)  (458,1576)  (458,1546)  (697,1548)  (697,1578)  (697,1608)  (697,1638)  (667,1666)  (637,1666)  (607,1666)  (517,1666)  (487,1666)  (457,1666)  (457,1636)  (457,1606)  (457,1426)  (576,1426)  (606,1426)  (636,1426)  (698,1488)  (698,1518)  (456,1516)  (456,1486)  (456,1456)  (487,1425)  (517,1425)  (699,1668)  (666,1398)  (696,1398)  (726,1398)  (726,1428)  (726,1458)  (577,1695)  (547,1695)  (428,1576)  (428,1546)  (727,1548)  (727,1578)  (727,1608)  (727,1638)  (669,1696)  (639,1696)  (609,1696)  (517,1696)  (487,1696)  (457,1696)  (427,1696)  (427,1666)  (427,1636)  (427,1606)  (427,1426)  (427,1396)  (457,1396)  (547,1396)  (577,1396)  (607,1396)  (728,1488)  (728,1518)  (426,1516)  (426,1486)  (426,1456)  (487,1395)  (517,1395)  (729,1668)  (729,1698)  (699,1698)  (637,1368)  (667,1368)  (697,1368)  (727,1368)  (756,1398)  (756,1428)  (756,1458)  (579,1725)  (549,1725)  (398,1576)  (398,1546)  (757,1367)  (757,1548)  (757,1578)  (757,1608)  (757,1638)  (669,1726)  (639,1726)  (609,1726)  (519,1726)  (489,1726)  (459,1726)  (429,1726)  (399,1726)  (397,1696)  (397,1666)  (397,1636)  (397,1606)  (397,1426)  (397,1396)  (397,1366)  (427,1366)  (457,1366)  (547,1366)  (577,1366)  (607,1366)  (758,1488)  (758,1518)  (396,1516)  (396,1486)  (396,1456)  (487,1365)  (517,1365)  (759,1668)  (759,1698)  (759,1728)  (729,1728)  (699,1728)  (369,1754)  (637,1338)  (667,1338)  (697,1338)  (727,1338)  (786,1397)  (786,1427)  (786,1457)  (579,1755)  (549,1755)  (368,1576)  (368,1546)  (757,1337)  (787,1337)  (787,1367)  (787,1548)  (787,1578)  (787,1608)  (787,1638)  (669,1756)  (639,1756)  (609,1756)  (519,1756)  (489,1756)  (459,1756)  (429,1756)  (399,1756)  (367,1724)  (367,1694)  (367,1664)  (367,1634)  (367,1426)  (367,1396)  (367,1366)  (367,1336)  (397,1336)  (427,1336)  (457,1336)  (547,1336)  (577,1336)  (607,1336)  (788,1487)  (788,1517)  (366,1516)  (366,1486)  (366,1456)  (487,1335)  (517,1335)  (789,1668)  (789,1698)  (789,1728)  (789,1758)  (759,1758)  (729,1758)  (699,1758)  (369,1784)  (339,1784)  (339,1754)  (637,1308)  (667,1308)  (697,1308)  (727,1308)  (816,1397)  (816,1427)  (816,1457)  (579,1785)  (549,1785)  (338,1604)  (338,1574)  (757,1307)  (787,1307)  (817,1307)  (817,1337)  (817,1367)  (817,1547)  (817,1577)  (817,1607)  (817,1637)  (669,1786)  (639,1786)  (609,1786)  (519,1786)  (489,1786)  (459,1786)  (429,1786)  (399,1786)  (337,1724)  (337,1694)  (337,1664)  (337,1634)  (337,1426)  (337,1396)  (337,1366)  (337,1336)  (337,1306)  (367,1306)  (397,1306)  (427,1306)  (457,1306)  (547,1306)  (577,1306)  (607,1306)  (818,1487)  (818,1517)  (336,1544)  (336,1514)  (336,1484)  (487,1305)  (517,1305)  (819,1667)  (819,1697)  (819,1727)  (819,1757)  (819,1787)  (789,1788)  (759,1788)  (729,1788)  (699,1788)  (369,1814)  (339,1814)  (309,1814)  (309,1784)  (309,1754)  (637,1278)  (667,1278)  (697,1278)  (727,1278)  (846,1397)  (846,1427)  (846,1457)  (579,1815)  (549,1815)  (308,1604)  (308,1574)  (757,1277)  (787,1277)  (817,1277)  (847,1277)  (847,1307)  (847,1337)  (847,1367)  (847,1547)  (847,1577)  (847,1607)  (847,1637)  (669,1816)  (639,1816)  (609,1816)  (519,1816)  (489,1816)  (459,1816)  (429,1816)  (399,1816)  (307,1724)  (307,1694)  (307,1664)  (307,1634)  (307,1454)  (307,1424)  (307,1394)  (307,1364)  (307,1334)  (307,1304)  (337,1276)  (367,1276)  (397,1276)  (427,1276)  (457,1276)  (547,1276)  (577,1276)  (607,1276)  (848,1487)  (848,1517)  (848,1817)  (306,1544)  (306,1514)  (306,1484)  (487,1275)  (517,1275)  (849,1667)  (849,1697)  (849,1727)  (849,1757)  (849,1787)  (818,1818)  (788,1818)  (758,1818)  (728,1818)  (305,1274)  (369,1844)  (339,1844)  (309,1844)  (279,1844)  (279,1814)  (279,1784)  (279,1754)  (637,1248)  (667,1248)  (697,1248)  (727,1248)  (876,1397)  (876,1427)  (876,1457)  (579,1845)  (549,1845)  (278,1604)  (278,1574)  (757,1247)  (787,1247)  (817,1247)  (847,1247)  (877,1247)  (877,1277)  (877,1307)  (877,1337)  (877,1367)  (877,1547)  (877,1577)  (877,1607)  (877,1637)  (698,1846)  (668,1846)  (638,1846)  (519,1846)  (489,1846)  (277,1724)  (277,1694)  (277,1664)  (277,1634)  (277,1454)  (277,1424)  (277,1394)  (277,1364)  (277,1334)  (277,1304)  (335,1246)  (365,1246)  (395,1246)  (425,1246)  (455,1246)  (547,1246)  (577,1246)  (607,1246)  (878,1487)  (878,1517)  (878,1817)  (878,1847)  (848,1847)  (276,1544)  (276,1514)  (276,1484)  (485,1245)  (515,1245)  (879,1667)  (879,1697)  (879,1727)  (879,1757)  (879,1787)  (818,1848)  (788,1848)  (758,1848)  (728,1848)  (275,1274)  (275,1244)  (305,1244)  (364,1874)  (334,1874)  (304,1874)  (274,1874)  (249,1844)  (249,1814)  (249,1784)  (249,1754)  (637,1218)  (667,1218)  (697,1218)  (727,1218)  (906,1397)  (906,1427)  (906,1457)  (608,1875)  (578,1875)  (248,1604)  (248,1574)  (757,1217)  (787,1217)  (817,1217)  (847,1217)  (877,1217)  (907,1217)  (907,1247)  (907,1277)  (907,1307)  (907,1337)  (907,1367)  (907,1547)  (907,1577)  (907,1607)  (907,1637)  (698,1876)  (668,1876)  (638,1876)  (548,1876)  (247,1724)  (247,1694)  (247,1664)  (247,1634)  (247,1454)  (247,1424)  (247,1394)  (247,1364)  (247,1334)  (247,1304)  (908,1487)  (908,1517)  (908,1817)  (908,1847)  (908,1877)  (878,1877)  (848,1877)  (246,1544)  (246,1514)  (246,1484)  (909,1667)  (909,1697)  (909,1727)  (909,1757)  (909,1787)  (818,1878)  (788,1878)  (758,1878)  (728,1878)  (245,1274)  (245,1244)  (244,1879)  (332,1904)  (302,1904)  (219,1849)  (219,1819)  (219,1789)  (219,1759)  (936,1397)  (936,1427)  (936,1457)  (218,1604)  (218,1574)  (937,1217)  (937,1247)  (937,1277)  (937,1307)  (937,1337)  (937,1367)  (937,1547)  (937,1577)  (937,1607)  (937,1637)  (698,1906)  (217,1729)  (217,1699)  (217,1669)  (217,1639)  (217,1454)  (217,1424)  (217,1394)  (217,1364)  (217,1334)  (217,1304)  (938,1487)  (938,1517)  (938,1817)  (938,1847)  (938,1877)  (938,1907)  (908,1907)  (878,1907)  (848,1907)  (216,1544)  (216,1514)  (216,1484)  (818,1908)  (788,1908)  (758,1908)  (728,1908)  (215,1274)  (215,1244)  (272,1909)  (242,1909)  (214,1879)  (938,1937)  (908,1937)  (878,1937)  (848,1937)  (818,1938)  (788,1938)  (758,1938)  (728,1938)  (938,1967)  (908,1967)  (878,1967)  (848,1967)  (818,1968)  (788,1968)  (758,1968)  (728,1968)  (698,1972)  (938,1997)  (908,1997)  (808,1998)  (778,1998)  (938,2027)  (761,2049)
South Damascus  (2238,1108)  (2208,1137)  (2208,1107)  (2267,1138)  (2238,1078)  (2268,1078)  (2268,1108)  (2206,1077)  (2237,1167)  (2178,1141)  (2178,1111)  (2297,1138)  (2297,1168)  (2267,1168)  (2298,1055)  (2298,1085)  (2176,1081)  (2146,1104)
Kafrash Shaykh  (346,1994)  (316,2023)  (316,1993)  (375,2024)  (346,1964)  (376,1964)  (376,1994)  (314,1963)  (345,2053)  (315,2053)  (286,2023)  (286,1993)  (405,2024)  (380,2054)  (285,2054)  (362,1934)  (392,1934)  (406,1964)  (406,1994)  (284,1963)  (422,1918)  (350,2083)  (256,2024)  (256,1994)  (435,2024)  (301,2084)  (436,1948)  (436,1978)  (254,1964)  (410,1888)  (440,1888)  (226,1999)  (224,1969)
Bekaa  (2273,742)  (2243,771)  (2243,741)  (2302,772)  (2273,712)  (2303,712)  (2303,742)  (2272,801)  (2242,801)  (2213,771)  (2332,772)  (2307,802)  (2212,802)  (2270,682)  (2300,682)  (2330,682)  (2333,712)  (2333,742)  (2360,655)  (2277,831)  (2247,831)  (2217,832)  (2187,832)  (2290,652)  (2320,652)  (2363,685)  (2363,715)  (2363,745)  (2350,625)  (2267,861)  (2306,622)
Central Maan  (2282,2474)  (2252,2503)  (2252,2473)  (2311,2504)  (2282,2444)  (2312,2444)  (2312,2474)  (2250,2443)  (2281,2533)  (2251,2533)  (2222,2503)  (2222,2473)  (2341,2504)  (2341,2534)  (2311,2534)  (2221,2534)  (2280,2414)  (2310,2414)  (2340,2414)  (2342,2444)  (2342,2474)  (2220,2443)  (2220,2413)  (2250,2413)  (2370,2386)  (2281,2563)  (2251,2563)  (2192,2504)  (2192,2474)  (2371,2504)  (2371,2534)  (2371,2564)  (2341,2564)  (2311,2564)  (2221,2564)  (2191,2564)  (2191,2534)  (2280,2384)  (2310,2384)  (2340,2384)  (2372,2416)  (2372,2446)  (2190,2444)  (2190,2414)  (2190,2384)  (2220,2383)  (2250,2383)  (2281,2593)  (2251,2593)  (2401,2476)  (2401,2506)  (2401,2536)  (2401,2566)  (2371,2594)  (2341,2594)  (2311,2594)  (2221,2594)  (2191,2594)  (2188,2354)  (2280,2354)  (2310,2354)  (2340,2354)  (2218,2353)  (2248,2353)  (2403,2596)  (2281,2623)  (2251,2623)  (2431,2529)  (2431,2559)  (2373,2624)  (2343,2624)  (2313,2624)  (2221,2624)  (2191,2624)  (2188,2324)  (2278,2324)  (2308,2324)  (2338,2324)  (2218,2323)  (2248,2323)  (2433,2589)  (2420,2626)  (2283,2653)  (2253,2653)  (2390,2654)  (2360,2654)  (2330,2654)  (2223,2654)  (2193,2654)  (2188,2294)  (2278,2294)  (2308,2294)  (2338,2294)  (2218,2293)  (2248,2293)  (2300,2683)  (2270,2683)  (2385,2684)  (2355,2684)  (2240,2684)  (2210,2684)  (2278,2264)  (2308,2264)  (2196,2263)  (2226,2263)  (2325,2713)  (2295,2713)  (2367,2714)  (2265,2714)  (2235,2714)  (2205,2714)  (2256,2234)  (2286,2234)  (2316,2234)  (2213,2233)  (2337,2743)  (2307,2743)  (2277,2744)  (2247,2744)  (2217,2744)  (2243,2204)  (2273,2204)  (2303,2204)  (2300,2774)  (2270,2774)  (2240,2774)  (2210,2774)  (2239,2174)  (2269,2174)  (2264,2804)  (2234,2804)  (2204,2804)  (2258,2144)  (2227,2834)  (2197,2834)
Hama  (2620,255)  (2590,284)  (2590,254)  (2649,285)  (2620,225)  (2650,225)  (2650,255)  (2588,224)  (2619,314)  (2589,314)  (2560,284)  (2560,254)  (2679,285)  (2679,315)  (2649,315)  (2559,315)  (2680,200)  (2680,230)  (2558,224)  (2619,344)  (2589,344)  (2530,285)  (2530,255)  (2709,260)  (2709,290)  (2709,320)  (2679,345)  (2649,345)  (2559,345)  (2529,345)  (2529,315)  (2710,200)  (2710,230)  (2528,225)  (2714,350)  (2619,374)  (2589,374)  (2500,285)  (2500,255)  (2739,260)  (2739,290)  (2739,320)  (2684,375)  (2654,375)  (2559,375)  (2529,375)  (2499,375)  (2499,345)  (2499,315)  (2740,200)  (2740,230)  (2498,225)  (2594,404)  (2470,285)  (2470,255)  (2769,260)  (2769,290)  (2769,320)  (2564,405)  (2469,395)  (2469,365)  (2469,335)  (2770,200)  (2770,230)  (2468,225)  (2440,305)  (2440,275)  (2799,260)  (2799,290)  (2439,395)  (2439,365)  (2439,335)  (2800,200)  (2800,230)  (2438,245)  (2438,215)  (2410,305)  (2410,275)  (2829,260)  (2829,290)  (2409,402)  (2409,372)  (2409,342)  (2830,200)  (2830,230)  (2408,245)  (2408,215)  (2842,320)  (2380,312)  (2380,282)  (2859,260)  (2859,290)  (2379,392)  (2379,362)  (2860,200)  (2860,230)  (2378,252)  (2378,222)  (2872,320)  (2883,350)  (2350,332)  (2350,302)  (2889,260)  (2889,290)  (2349,405)  (2349,375)  (2890,200)  (2890,230)  (2348,272)  (2348,242)  (2348,212)  (2902,320)  (2903,380)  (2913,350)  (2320,345)  (2320,315)  (2919,260)  (2919,290)  (2319,404)  (2920,200)  (2920,230)  (2318,285)  (2318,255)  (2318,225)  (2932,320)  (2949,260)  (2949,290)  (2950,200)  (2950,230)  (2962,320)  (2979,260)  (2979,290)  (2980,200)  (2980,230)  (3009,260)  (3010,216)
El Jizah  (313,2517)  (283,2546)  (283,2516)  (342,2547)  (313,2487)  (343,2487)  (343,2517)  (281,2486)  (312,2576)  (282,2576)  (253,2546)  (253,2516)  (372,2547)  (372,2577)  (342,2577)  (252,2577)  (311,2457)  (341,2457)  (371,2457)  (373,2487)  (373,2517)  (251,2486)  (273,2456)  (401,2456)  (223,2547)  (223,2517)  (402,2547)  (402,2577)  (226,2607)  (222,2577)  (317,2427)  (403,2486)  (403,2516)  (432,2546)  (432,2576)  (433,2486)  (433,2516)
Golan Heights North  (2104,1176)  (2133,1206)  (2103,1206)  (2088,1146)  (2118,1146)  (2134,1176)
Al Qalyubiyah  (461,2402)  (431,2427)  (431,2397)  (490,2432)  (461,2372)  (491,2393)  (429,2367)  (459,2342)
Al Minya  (301,2795)  (271,2824)  (271,2794)  (330,2825)  (301,2765)  (331,2765)  (331,2795)  (269,2764)  (300,2854)  (270,2854)  (241,2824)  (241,2794)  (360,2825)  (360,2855)  (330,2855)  (240,2855)  (299,2735)  (329,2735)  (359,2735)  (361,2765)  (361,2795)  (239,2764)  (239,2734)  (269,2734)  (389,2707)  (300,2884)  (270,2884)  (211,2825)  (211,2795)  (390,2825)  (390,2855)  (390,2885)  (360,2885)  (330,2885)  (240,2885)  (210,2885)  (210,2855)  (299,2705)  (329,2705)  (359,2705)  (391,2737)  (391,2767)  (209,2765)  (209,2735)  (209,2705)  (239,2704)  (269,2704)  (389,2677)  (419,2677)  (419,2707)  (300,2914)  (270,2914)  (420,2797)  (420,2827)  (420,2857)  (390,2915)  (360,2915)  (330,2915)  (240,2915)  (210,2915)  (205,2675)  (299,2675)  (329,2675)  (359,2675)  (421,2737)  (421,2767)  (235,2674)  (265,2674)  (389,2647)  (419,2647)  (300,2944)  (270,2944)  (366,2945)  (336,2945)  (240,2945)  (210,2945)  (295,2645)  (325,2645)  (355,2645)  (243,2644)  (385,2617)  (415,2617)  (306,2974)  (276,2974)  (349,2975)  (246,2975)  (216,2975)  (312,2615)  (342,2615)  (319,3004)  (321,3034)
West Maan  (2105,2519)  (2075,2541)  (2075,2511)  (2134,2549)  (2105,2489)  (2135,2489)  (2135,2519)  (2066,2481)  (2104,2571)  (2045,2527)  (2158,2579)  (2096,2459)  (2126,2459)  (2156,2459)  (2036,2497)  (2036,2467)  (2066,2451)  (2128,2601)  (2098,2601)  (2022,2437)  (2158,2609)  (2096,2429)  (2126,2429)  (2156,2429)  (2006,2509)  (2006,2479)  (2052,2421)  (2128,2631)  (2098,2631)  (2008,2407)  (2158,2639)  (2082,2399)  (2112,2399)  (2142,2399)  (1976,2495)  (2038,2391)  (2128,2661)  (2098,2661)  (2158,2669)  (2068,2369)  (2098,2369)  (2128,2369)  (2158,2369)  (2025,2361)  (2128,2691)  (2098,2691)  (2158,2699)  (2055,2339)  (2085,2339)  (2115,2339)  (2145,2339)  (2025,2331)  (2128,2721)  (2098,2721)  (2158,2729)  (2055,2309)  (2085,2309)  (2115,2309)  (2145,2309)  (2068,2745)  (2128,2751)  (2098,2751)  (2158,2759)  (2106,2279)  (2136,2279)  (2068,2775)  (2128,2781)  (2098,2781)  (2158,2789)  (2068,2805)  (2128,2811)  (2098,2811)  (2158,2819)
East Maan  (2492,2251)  (2462,2280)  (2462,2250)  (2521,2281)  (2492,2221)  (2522,2221)  (2522,2251)  (2460,2220)  (2491,2310)  (2461,2310)  (2432,2280)  (2432,2250)  (2551,2281)  (2551,2311)  (2521,2311)  (2431,2311)  (2490,2191)  (2520,2191)  (2550,2191)  (2552,2221)  (2552,2251)  (2430,2220)  (2430,2190)  (2460,2190)  (2580,2163)  (2491,2340)  (2461,2340)  (2402,2281)  (2402,2251)  (2581,2281)  (2581,2311)  (2581,2341)  (2551,2341)  (2521,2341)  (2431,2341)  (2401,2341)  (2401,2311)  (2490,2161)  (2520,2161)  (2550,2161)  (2582,2193)  (2582,2223)  (2400,2221)  (2400,2191)  (2400,2161)  (2430,2160)  (2460,2160)  (2580,2133)  (2491,2370)  (2461,2370)  (2372,2265)  (2611,2253)  (2611,2283)  (2611,2313)  (2611,2343)  (2581,2371)  (2551,2371)  (2521,2371)  (2431,2371)  (2371,2131)  (2490,2131)  (2520,2131)  (2550,2131)  (2370,2235)  (2370,2205)  (2370,2175)  (2401,2130)  (2431,2130)  (2613,2373)  (2580,2103)  (2491,2400)  (2461,2400)  (2583,2401)  (2553,2401)  (2523,2401)  (2431,2401)  (2341,2145)  (2341,2115)  (2371,2101)  (2461,2101)  (2491,2101)  (2521,2101)  (2340,2180)  (2401,2100)  (2431,2100)  (2640,2403)  (2325,2085)  (2551,2073)  (2493,2430)  (2463,2430)  (2610,2431)  (2580,2431)  (2550,2431)  (2355,2071)  (2461,2071)  (2491,2071)  (2521,2071)  (2385,2070)  (2415,2070)  (2646,2433)  (2295,2061)  (2325,2055)  (2551,2043)  (2520,2460)  (2490,2460)  (2460,2460)  (2616,2461)  (2586,2461)  (2556,2461)  (2355,2041)  (2445,2041)  (2475,2041)  (2505,2041)  (2385,2040)  (2415,2040)  (2652,2463)  (2278,2031)  (2308,2025)  (2535,2013)  (2565,2013)  (2526,2490)  (2496,2490)  (2466,2490)  (2622,2491)  (2592,2491)  (2562,2491)  (2338,2011)  (2445,2011)  (2475,2011)  (2505,2011)  (2368,2010)  (2398,2010)  (2658,2493)  (2264,2001)  (2532,2520)  (2502,2520)  (2472,2520)  (2628,2521)  (2598,2521)  (2568,2521)  (2664,2523)  (2538,2550)  (2508,2550)
Homs  (2696,654)  (2666,683)  (2666,653)  (2725,684)  (2696,624)  (2726,624)  (2726,654)  (2664,623)  (2695,713)  (2665,713)  (2636,683)  (2636,653)  (2755,684)  (2755,714)  (2725,714)  (2635,714)  (2694,594)  (2724,594)  (2754,594)  (2756,624)  (2756,654)  (2634,623)  (2634,593)  (2664,593)  (2784,566)  (2695,743)  (2665,743)  (2606,684)  (2606,654)  (2785,684)  (2785,714)  (2785,744)  (2755,744)  (2725,744)  (2635,744)  (2605,744)  (2605,714)  (2694,564)  (2724,564)  (2754,564)  (2786,596)  (2786,626)  (2604,624)  (2604,594)  (2604,564)  (2634,563)  (2664,563)  (2784,536)  (2814,536)  (2814,566)  (2695,773)  (2665,773)  (2576,684)  (2576,654)  (2815,656)  (2815,686)  (2815,716)  (2815,746)  (2785,774)  (2755,774)  (2725,774)  (2635,774)  (2605,774)  (2575,774)  (2575,744)  (2575,714)  (2575,534)  (2694,534)  (2724,534)  (2754,534)  (2816,596)  (2816,626)  (2574,624)  (2574,594)  (2574,564)  (2605,533)  (2635,533)  (2817,776)  (2784,506)  (2814,506)  (2844,506)  (2844,536)  (2844,566)  (2695,803)  (2665,803)  (2546,684)  (2546,654)  (2845,656)  (2845,686)  (2845,716)  (2845,746)  (2787,804)  (2757,804)  (2727,804)  (2635,804)  (2605,804)  (2575,804)  (2545,770)  (2545,740)  (2545,534)  (2545,504)  (2575,504)  (2665,504)  (2695,504)  (2725,504)  (2846,596)  (2846,626)  (2544,624)  (2544,594)  (2544,564)  (2605,503)  (2635,503)  (2847,776)  (2847,806)  (2817,806)  (2755,476)  (2785,476)  (2815,476)  (2845,476)  (2874,506)  (2874,536)  (2874,566)  (2697,833)  (2667,833)  (2516,710)  (2516,680)  (2875,475)  (2875,656)  (2875,686)  (2875,716)  (2875,746)  (2787,834)  (2757,834)  (2727,834)  (2637,834)  (2607,834)  (2515,534)  (2515,504)  (2515,474)  (2545,474)  (2575,474)  (2665,474)  (2695,474)  (2725,474)  (2876,596)  (2876,626)  (2514,650)  (2514,620)  (2514,590)  (2605,473)  (2635,473)  (2877,776)  (2877,806)  (2877,836)  (2847,836)  (2817,836)  (2755,446)  (2785,446)  (2815,446)  (2845,446)  (2904,505)  (2904,535)  (2904,565)  (2697,863)  (2667,863)  (2486,727)  (2486,697)  (2875,445)  (2905,445)  (2905,475)  (2905,656)  (2905,686)  (2905,716)  (2905,746)  (2787,864)  (2757,864)  (2727,864)  (2485,560)  (2485,530)  (2485,500)  (2485,470)  (2515,444)  (2665,444)  (2695,444)  (2725,444)  (2906,595)  (2906,625)  (2484,667)  (2484,637)  (2484,607)  (2596,443)  (2626,443)  (2907,776)  (2907,806)  (2907,836)  (2907,866)  (2877,866)  (2847,866)  (2817,866)  (2481,440)  (2755,416)  (2785,416)  (2815,416)  (2845,416)  (2934,505)  (2934,535)  (2934,565)  (2697,893)  (2667,893)  (2456,717)  (2875,415)  (2935,655)  (2935,685)  (2935,715)  (2787,894)  (2757,894)  (2727,894)  (2455,577)  (2455,547)  (2455,517)  (2455,487)  (2672,414)  (2702,414)  (2936,595)  (2936,625)  (2454,687)  (2454,657)  (2454,627)  (2937,859)  (2937,889)  (2907,896)  (2877,896)  (2847,896)  (2817,896)  (2451,457)  (2451,427)  (2960,919)  (2747,386)  (2777,386)  (2807,386)  (2837,386)  (2964,527)  (2964,557)  (2697,923)  (2667,923)  (2787,924)  (2757,924)  (2727,924)  (2425,597)  (2425,567)  (2425,537)  (2425,507)  (2966,587)  (2424,661)  (2424,631)  (2930,926)  (2900,926)  (2870,926)  (2840,926)  (2421,477)  (2421,447)  (2960,949)  (2794,356)  (2824,356)  (2697,953)  (2810,954)  (2780,954)  (2750,954)  (2395,600)  (2395,570)  (2395,540)  (2395,510)  (2930,956)  (2900,956)  (2870,956)  (2840,956)  (2391,480)  (2391,450)  (2810,984)  (2780,984)  (2750,984)  (2365,572)  (2365,514)  (2955,986)  (2925,986)  (2895,986)  (2865,986)  (2361,484)  (2361,454)  (2835,1014)  (2805,1014)  (2775,1014)  (2745,1014)  (2956,1016)  (2926,1016)  (2896,1016)  (2866,1016)  (2331,491)  (2331,461)  (2836,1044)  (2806,1044)  (2776,1044)  (2955,1046)  (2925,1046)  (2895,1046)  (2865,1074)  (2835,1074)  (2805,1074)  (2959,1076)  (2929,1076)  (2899,1076)  (2869,1104)  (2839,1104)  (2964,1106)  (2934,1106)  (2904,1106)  (2968,1136)  (2938,1136)  (2908,1136)  (2963,1166)  (2933,1166)  (2903,1166)  (2954,1196)
2 Sea Zone  (1681,646)  (1651,675)  (1651,645)  (1710,676)  (1681,616)  (1711,616)  (1711,646)  (1649,615)  (1680,705)  (1650,705)  (1621,675)  (1621,645)  (1740,676)  (1740,706)  (1710,706)  (1620,706)  (1679,586)  (1709,586)  (1739,586)  (1741,616)  (1741,646)  (1619,615)  (1619,585)  (1649,585)  (1769,558)  (1680,735)  (1650,735)  (1591,676)  (1591,646)  (1770,676)  (1770,706)  (1770,736)  (1740,736)  (1710,736)  (1620,736)  (1590,736)  (1590,706)  (1679,556)  (1709,556)  (1739,556)  (1771,588)  (1771,618)  (1589,616)  (1589,586)  (1589,556)  (1619,555)  (1649,555)  (1769,528)  (1799,528)  (1799,558)  (1680,765)  (1650,765)  (1561,676)  (1561,646)  (1800,648)  (1800,678)  (1800,708)  (1800,738)  (1770,766)  (1740,766)  (1710,766)  (1620,766)  (1590,766)  (1560,766)  (1560,736)  (1560,706)  (1560,526)  (1679,526)  (1709,526)  (1739,526)  (1801,588)  (1801,618)  (1559,616)  (1559,586)  (1559,556)  (1590,525)  (1620,525)  (1802,768)  (1769,498)  (1799,498)  (1829,498)  (1829,528)  (1829,558)  (1680,795)  (1650,795)  (1531,676)  (1531,646)  (1830,648)  (1830,678)  (1830,708)  (1830,738)  (1772,796)  (1742,796)  (1712,796)  (1620,796)  (1590,796)  (1560,796)  (1530,796)  (1530,766)  (1530,736)  (1530,706)  (1530,526)  (1530,496)  (1560,496)  (1650,496)  (1680,496)  (1710,496)  (1831,588)  (1831,618)  (1529,616)  (1529,586)  (1529,556)  (1590,495)  (1620,495)  (1832,768)  (1832,798)  (1802,798)  (1740,468)  (1770,468)  (1800,468)  (1830,468)  (1859,498)  (1859,528)  (1859,558)  (1682,825)  (1652,825)  (1501,676)  (1501,646)  (1860,467)  (1860,648)  (1860,678)  (1860,708)  (1860,738)  (1772,826)  (1742,826)  (1712,826)  (1622,826)  (1592,826)  (1562,826)  (1532,826)  (1502,826)  (1500,796)  (1500,766)  (1500,736)  (1500,706)  (1500,526)  (1500,496)  (1500,466)  (1530,466)  (1560,466)  (1650,466)  (1680,466)  (1710,466)  (1861,588)  (1861,618)  (1499,616)  (1499,586)  (1499,556)  (1590,465)  (1620,465)  (1862,768)  (1862,798)  (1862,828)  (1832,828)  (1802,828)  (1472,854)  (1740,438)  (1770,438)  (1800,438)  (1830,438)  (1889,497)  (1889,527)  (1889,557)  (1682,855)  (1652,855)  (1471,676)  (1471,646)  (1860,437)  (1890,437)  (1890,467)  (1890,648)  (1890,678)  (1890,708)  (1890,738)  (1772,856)  (1742,856)  (1712,856)  (1622,856)  (1592,856)  (1562,856)  (1532,856)  (1502,856)  (1470,824)  (1470,794)  (1470,764)  (1470,734)  (1470,526)  (1470,496)  (1470,466)  (1470,436)  (1500,436)  (1530,436)  (1560,436)  (1650,436)  (1680,436)  (1710,436)  (1891,587)  (1891,617)  (1469,616)  (1469,586)  (1469,556)  (1590,435)  (1620,435)  (1892,768)  (1892,798)  (1892,828)  (1892,858)  (1862,858)  (1832,858)  (1802,858)  (1472,884)  (1442,884)  (1442,854)  (1740,408)  (1770,408)  (1800,408)  (1830,408)  (1919,497)  (1919,527)  (1919,557)  (1682,885)  (1652,885)  (1441,704)  (1441,674)  (1860,407)  (1890,407)  (1920,407)  (1920,437)  (1920,467)  (1920,647)  (1920,677)  (1920,707)  (1920,737)  (1772,886)  (1742,886)  (1712,886)  (1622,886)  (1592,886)  (1562,886)  (1532,886)  (1502,886)  (1440,824)  (1440,794)  (1440,764)  (1440,734)  (1440,526)  (1440,496)  (1440,466)  (1440,436)  (1440,406)  (1470,406)  (1500,406)  (1530,406)  (1560,406)  (1650,406)  (1680,406)  (1710,406)  (1921,587)  (1921,617)  (1439,644)  (1439,614)  (1439,584)  (1590,405)  (1620,405)  (1922,767)  (1922,797)  (1922,827)  (1922,857)  (1922,887)  (1892,888)  (1862,888)  (1832,888)  (1802,888)  (1472,914)  (1442,914)  (1412,914)  (1412,884)  (1412,854)  (1740,378)  (1770,378)  (1800,378)  (1830,378)  (1949,497)  (1949,527)  (1949,557)  (1682,915)  (1652,915)  (1411,704)  (1411,674)  (1860,377)  (1890,377)  (1920,377)  (1950,377)  (1950,407)  (1950,437)  (1950,467)  (1950,647)  (1950,677)  (1950,707)  (1950,737)  (1772,916)  (1742,916)  (1712,916)  (1622,916)  (1592,916)  (1562,916)  (1532,916)  (1502,916)  (1410,824)  (1410,794)  (1410,764)  (1410,734)  (1410,554)  (1410,524)  (1410,494)  (1410,464)  (1410,434)  (1410,404)  (1440,376)  (1470,376)  (1500,376)  (1530,376)  (1560,376)  (1650,376)  (1680,376)  (1710,376)  (1951,587)  (1951,617)  (1951,917)  (1409,644)  (1409,614)  (1409,584)  (1590,375)  (1620,375)  (1952,767)  (1952,797)  (1952,827)  (1952,857)  (1952,887)  (1921,918)  (1891,918)  (1861,918)  (1831,918)  (1408,374)  (1472,944)  (1442,944)  (1412,944)  (1382,944)  (1382,914)  (1382,884)  (1382,854)  (1740,348)  (1770,348)  (1800,348)  (1830,348)  (1979,497)  (1979,527)  (1979,557)  (1682,945)  (1652,945)  (1381,704)  (1381,674)  (1860,347)  (1890,347)  (1920,347)  (1950,347)  (1980,347)  (1980,377)  (1980,407)  (1980,437)  (1980,467)  (1980,647)  (1980,677)  (1980,707)  (1980,737)  (1801,946)  (1771,946)  (1741,946)  (1622,946)  (1592,946)  (1562,946)  (1532,946)  (1502,946)  (1380,824)  (1380,794)  (1380,764)  (1380,734)  (1380,554)  (1380,524)  (1380,494)  (1380,464)  (1380,434)  (1380,404)  (1478,346)  (1508,346)  (1538,346)  (1650,346)  (1680,346)  (1710,346)  (1981,587)  (1981,617)  (1957,947)  (1379,644)  (1379,614)  (1379,584)  (1568,345)  (1598,345)  (1982,767)  (1982,797)  (1982,827)  (1982,857)  (1927,948)  (1897,948)  (1867,948)  (1837,948)  (1378,374)  (1472,974)  (1442,974)  (1412,974)  (1382,974)  (1352,974)  (1352,944)  (1352,914)  (1352,884)  (1352,854)  (1740,318)  (1770,318)  (1800,318)  (1830,318)  (2009,497)  (2009,527)  (2009,557)  (1711,975)  (1681,975)  (1351,704)  (1351,674)  (1860,317)  (1890,317)  (1920,317)  (1950,317)  (1980,317)  (2010,317)  (2010,347)  (2010,377)  (2010,407)  (2010,437)  (2010,467)  (2010,647)  (2010,677)  (2010,707)  (2010,737)  (1807,976)  (1777,976)  (1747,976)  (1651,976)  (1621,976)  (1591,976)  (1561,976)  (1531,976)  (1350,824)  (1350,794)  (1350,764)  (1350,734)  (1350,554)  (1350,524)  (1350,494)  (1350,464)  (1350,434)  (1350,404)  (1472,316)  (1502,316)  (1532,316)  (1628,316)  (1658,316)  (1688,316)  (2011,587)  (2011,617)  (1349,644)  (1349,614)  (1349,584)  (1562,315)  (1592,315)  (2012,767)  (2012,797)  (2012,827)  (1948,978)  (1918,978)  (1888,978)  (1858,978)  (1348,374)  (1501,1004)  (1471,1004)  (1441,1004)  (1411,1004)  (1381,1004)  (1351,1004)  (1322,974)  (1322,944)  (1322,914)  (1322,884)  (1322,854)  (1718,288)  (1748,288)  (1778,288)  (1808,288)  (2039,497)  (2039,527)  (2039,557)  (1717,1005)  (1687,1005)  (1321,1005)  (1321,704)  (1321,674)  (1838,287)  (1868,287)  (1898,287)  (1928,287)  (1958,287)  (1988,287)  (2018,287)  (2040,317)  (2040,347)  (2040,377)  (2040,407)  (2040,437)  (2040,467)  (2040,647)  (2040,677)  (2040,707)  (1828,1006)  (1798,1006)  (1768,1006)  (1657,1006)  (1627,1006)  (1597,1006)  (1567,1006)  (1537,1006)  (1320,824)  (1320,794)  (1320,764)  (1320,734)  (1320,554)  (1320,524)  (1320,494)  (1320,464)  (1320,434)  (1320,404)  (1448,286)  (1478,286)  (1508,286)  (1622,286)  (1652,286)  (1682,286)  (2041,587)  (2041,617)  (1319,644)  (1319,614)  (1319,584)  (1538,285)  (1568,285)  (1936,1008)  (1906,1008)  (1876,1008)  (1318,374)  (2048,279)  (1507,1034)  (1477,1034)  (1447,1034)  (1417,1034)  (1387,1034)  (1357,1034)  (1292,975)  (1292,945)  (1292,915)  (1292,885)  (1292,855)  (1712,258)  (1742,258)  (1772,258)  (1802,258)  (2069,497)  (2069,527)  (2069,557)  (1738,1035)  (1708,1035)  (1327,1035)  (1297,1035)  (1291,1005)  (1291,704)  (1291,674)  (1832,257)  (1862,257)  (1892,257)  (1922,257)  (1952,257)  (1982,257)  (2012,257)  (2070,309)  (2070,339)  (2070,369)  (2070,399)  (2070,429)  (2070,459)  (2070,647)  (1846,1036)  (1816,1036)  (1786,1036)  (1678,1036)  (1648,1036)  (1618,1036)  (1588,1036)  (1558,1036)  (1290,825)  (1290,795)  (1290,765)  (1290,735)  (1290,554)  (1290,524)  (1290,494)  (1290,464)  (1290,434)  (1290,404)  (1418,256)  (1448,256)  (1478,256)  (1508,256)  (1598,256)  (1628,256)  (1658,256)  (2071,587)  (2071,617)  (1289,644)  (1289,614)  (1289,584)  (1538,255)  (1568,255)  (1919,1038)  (1889,1038)  (2042,249)  (2072,249)  (2078,279)  (1528,1064)  (1498,1064)  (1468,1064)  (1438,1064)  (1408,1064)  (1378,1064)  (1688,228)  (1718,228)  (1748,228)  (1778,228)  (2099,489)  (2099,519)  (2099,549)  (1756,1065)  (1726,1065)  (1348,1065)  (1318,1065)  (1288,1065)  (1808,227)  (1838,227)  (1868,227)  (1898,227)  (1928,227)  (1958,227)  (1988,227)  (2100,309)  (2100,339)  (2100,369)  (2100,399)  (2100,429)  (2100,459)  (1859,1066)  (1829,1066)  (1799,1066)  (1696,1066)  (1666,1066)  (1636,1066)  (1606,1066)  (1576,1066)  (1404,226)  (1434,226)  (1464,226)  (1494,226)  (1598,226)  (1628,226)  (1658,226)  (2101,579)  (2101,609)  (1524,225)  (1554,225)  (2102,225)  (1905,1068)  (2018,219)  (2048,219)  (2108,255)  (1546,1094)  (1516,1094)  (1486,1094)  (1456,1094)  (1426,1094)  (1396,1094)  (2129,489)  (2129,519)  (2129,549)  (1769,1095)  (1739,1095)  (1366,1095)  (1336,1095)  (1306,1095)  (1276,1095)  (2130,285)  (2130,315)  (2130,345)  (2130,375)  (2130,434)  (1875,1096)  (1845,1096)  (1815,1096)  (1709,1096)  (1679,1096)  (1649,1096)  (1619,1096)  (1589,1096)  (2131,579)  (2132,200)  (2138,230)  (1559,1124)  (1529,1124)  (1499,1124)  (1469,1124)  (1439,1124)  (1409,1124)  (2159,527)  (1785,1125)  (1755,1125)  (1379,1125)  (1349,1125)  (1319,1125)  (1289,1125)  (1891,1126)  (1861,1126)  (1831,1126)  (1725,1126)  (1695,1126)  (1665,1126)  (1635,1126)  (1605,1126)  (2161,557)  (1575,1154)  (1545,1154)  (1515,1154)  (1485,1154)  (1455,1154)  (1425,1154)  (1801,1155)  (1771,1155)  (1395,1155)  (1365,1155)  (1335,1155)  (1305,1155)  (1275,1155)  (1875,1156)  (1845,1156)  (1741,1156)  (1711,1156)  (1681,1156)  (1651,1156)  (1621,1156)  (1591,1184)  (1561,1184)  (1531,1184)  (1501,1184)  (1471,1184)  (1441,1184)  (1815,1185)  (1785,1185)  (1411,1185)  (1381,1185)  (1351,1185)  (1321,1185)  (1291,1185)  (1850,1186)  (1755,1186)  (1725,1186)  (1695,1186)  (1665,1186)  (1635,1186)
East Ismailia  (924,2265)  (945,2295)  (901,2235)  (931,2235)  (954,2325)  (924,2325)  (881,2205)  (911,2205)  (975,2355)  (945,2355)  (915,2355)  (912,2175)  (995,2385)  (965,2385)  (935,2385)  (916,2145)
Al Aqabah  (1919,2560)  (1889,2589)  (1889,2559)  (1948,2590)  (1919,2530)  (1949,2530)  (1949,2560)  (1887,2529)  (1918,2619)  (1888,2619)  (1978,2590)  (1978,2620)  (1948,2620)  (1917,2500)  (1979,2541)  (1858,2632)  (1918,2649)  (1888,2649)  (2008,2571)  (2008,2601)  (2008,2631)  (1978,2650)  (1948,2650)  (1904,2470)  (1934,2467)  (2019,2661)  (1858,2662)  (1918,2679)  (1888,2679)  (2038,2568)  (2038,2598)  (2038,2628)  (1989,2680)  (1959,2680)  (1900,2440)  (1964,2439)  (1930,2437)  (2041,2691)  (1858,2692)  (1929,2709)  (1899,2709)  (2011,2710)  (1981,2710)  (1960,2409)  (1909,2407)  (1869,2722)  (1839,2722)  (1951,2739)  (1921,2739)  (2036,2740)  (2006,2740)  (1939,2379)  (1969,2379)  (1891,2752)  (1861,2752)  (1976,2769)  (1946,2769)  (2032,2770)  (1911,2349)  (1941,2349)  (1971,2349)  (1916,2782)  (1886,2782)  (1856,2782)  (2002,2799)  (1972,2799)  (1916,2319)  (1946,2319)  (1976,2319)  (1923,2289)  (1953,2289)  (1983,2289)  (1942,2259)
5 Sea Zone  (1672,1468)  (1642,1497)  (1642,1467)  (1701,1498)  (1672,1438)  (1702,1438)  (1702,1468)  (1640,1437)  (1671,1527)  (1641,1527)  (1612,1497)  (1612,1467)  (1731,1498)  (1731,1528)  (1701,1528)  (1611,1528)  (1670,1408)  (1700,1408)  (1730,1408)  (1732,1438)  (1732,1468)  (1610,1437)  (1610,1407)  (1640,1407)  (1760,1380)  (1671,1557)  (1641,1557)  (1582,1498)  (1582,1468)  (1761,1498)  (1761,1528)  (1748,1558)  (1718,1558)  (1611,1558)  (1581,1558)  (1581,1528)  (1670,1378)  (1700,1378)  (1730,1378)  (1762,1410)  (1762,1440)  (1580,1438)  (1580,1408)  (1580,1378)  (1610,1377)  (1640,1377)  (1760,1350)  (1790,1350)  (1688,1587)  (1658,1587)  (1740,1588)  (1628,1588)  (1598,1588)  (1568,1588)  (1560,1348)  (1670,1348)  (1700,1348)  (1730,1348)  (1590,1347)  (1620,1347)  (1760,1320)  (1790,1320)  (1710,1617)  (1680,1617)  (1650,1618)  (1620,1618)  (1590,1618)  (1560,1618)  (1560,1318)  (1650,1318)  (1680,1318)  (1710,1318)  (1590,1317)  (1620,1317)  (1740,1290)  (1770,1290)  (1800,1290)  (1723,1647)  (1693,1647)  (1663,1648)  (1633,1648)  (1603,1648)  (1573,1648)  (1560,1288)  (1650,1288)  (1680,1288)  (1710,1288)  (1830,1288)  (1590,1287)  (1620,1287)  (1740,1260)  (1770,1260)  (1800,1260)  (1711,1677)  (1681,1678)  (1651,1678)  (1621,1678)  (1591,1678)  (1561,1678)  (1560,1258)  (1650,1258)  (1680,1258)  (1710,1258)  (1830,1258)  (1590,1257)  (1620,1257)  (1740,1230)  (1770,1230)  (1800,1230)  (1698,1708)  (1668,1708)  (1638,1708)  (1608,1708)  (1578,1708)  (1560,1228)  (1650,1228)  (1680,1228)  (1710,1228)  (1830,1228)  (1590,1227)  (1620,1227)  (1685,1738)  (1655,1738)  (1625,1738)  (1595,1738)  (1565,1738)  (1670,1768)  (1640,1768)  (1610,1768)  (1580,1768)  (1654,1798)  (1624,1798)  (1594,1798)  (1564,1798)  (1634,1828)  (1604,1828)  (1574,1828)  (1614,1858)  (1584,1858)  (1591,1888)  (1561,1888)  (1564,1918)
Dumyat  (618,1948)  (588,1954)  (645,1978)  (648,1921)  (615,1984)
Al Wadi Al Jadid  (256,3378)  (226,3407)  (226,3377)  (285,3408)  (256,3348)  (286,3348)  (286,3378)  (224,3347)  (255,3437)  (225,3437)  (315,3408)  (315,3438)  (285,3438)  (254,3318)  (284,3318)  (314,3318)  (316,3348)  (316,3378)  (200,3317)  (255,3467)  (225,3467)  (329,3468)  (299,3468)  (230,3288)  (260,3288)  (290,3288)  (200,3287)  (269,3497)  (239,3497)  (209,3497)  (333,3498)  (303,3498)  (230,3258)  (260,3258)  (290,3258)  (200,3257)  (273,3527)  (243,3527)  (213,3527)  (333,3528)  (303,3528)  (230,3228)  (260,3228)  (290,3228)  (200,3227)  (273,3557)  (243,3557)  (213,3557)  (339,3558)  (309,3558)  (230,3198)  (260,3198)  (290,3198)  (200,3197)  (279,3587)  (249,3587)  (219,3587)  (354,3588)  (324,3588)  (230,3168)  (260,3168)  (290,3168)  (200,3167)  (385,3601)  (417,3614)  (294,3617)  (264,3617)  (234,3617)  (204,3617)  (355,3618)  (325,3618)  (230,3138)  (260,3138)  (290,3138)  (200,3137)  (447,3631)  (387,3631)  (417,3644)  (295,3647)  (265,3647)  (235,3647)  (205,3647)  (357,3648)  (327,3648)  (230,3108)  (260,3108)  (290,3108)  (200,3107)  (475,3661)  (387,3661)  (230,3078)  (260,3078)  (200,3077)  (230,3048)  (260,3048)  (200,3047)
Dara  (2258,1322)  (2228,1351)  (2228,1321)  (2287,1352)  (2258,1292)  (2288,1292)  (2288,1322)  (2226,1291)  (2257,1381)  (2227,1381)  (2198,1351)  (2198,1321)  (2317,1352)  (2317,1382)  (2287,1382)  (2256,1262)  (2286,1262)  (2316,1262)  (2318,1292)  (2318,1322)  (2196,1291)  (2196,1261)  (2226,1261)  (2346,1246)  (2257,1411)  (2227,1411)  (2168,1350)  (2347,1352)  (2347,1382)  (2347,1412)  (2317,1412)  (2287,1412)  (2256,1232)  (2286,1232)  (2316,1232)  (2348,1276)  (2348,1306)  (2166,1320)  (2167,1231)  (2197,1231)  (2257,1441)  (2372,1442)  (2342,1442)  (2312,1442)  (2378,1273)  (2378,1303)  (2176,1201)  (2369,1472)  (2339,1472)
Northern Convoy  (301,300)  (330,330)  (300,330)  (331,279)  (360,309)  (360,339)  (330,360)  (300,360)  (361,272)  (369,369)  (390,302)  (390,332)  (339,390)  (309,390)  (399,362)  (399,392)  (369,399)  (420,309)  (339,420)  (399,422)  (429,339)  (429,369)  (369,429)
Madaba  (2074,1841)  (2044,1870)  (2103,1871)  (2046,1811)  (2081,1811)  (2104,1841)  (2111,1804)  (2073,1900)  (2081,1781)  (2134,1865)  (2111,1774)
Al Mafraq  (2519,1594)  (2489,1623)  (2489,1593)  (2548,1624)  (2519,1564)  (2549,1564)  (2549,1594)  (2487,1563)  (2518,1653)  (2488,1653)  (2459,1623)  (2459,1593)  (2578,1624)  (2578,1654)  (2548,1654)  (2543,1534)  (2573,1534)  (2579,1564)  (2579,1594)  (2457,1563)  (2603,1510)  (2429,1633)  (2429,1603)  (2608,1624)  (2608,1654)  (2608,1684)  (2578,1684)  (2609,1540)  (2609,1570)  (2427,1573)  (2627,1480)  (2633,1510)  (2402,1543)  (2399,1622)  (2638,1600)  (2638,1630)  (2638,1660)  (2638,1690)  (2639,1540)  (2639,1570)  (2397,1592)  (2657,1461)  (2663,1491)  (2372,1562)  (2666,1720)  (2668,1600)  (2668,1630)  (2668,1660)  (2668,1690)  (2669,1521)  (2669,1551)  (2367,1606)  (2687,1442)  (2693,1472)  (2342,1576)  (2342,1546)  (2696,1720)  (2698,1581)  (2698,1611)  (2698,1641)  (2698,1671)  (2699,1502)  (2699,1532)  (2717,1424)  (2317,1516)  (2723,1454)  (2312,1597)  (2312,1567)  (2726,1701)  (2726,1731)  (2728,1562)  (2728,1592)  (2728,1622)  (2728,1652)  (2729,1484)  (2729,1514)  (2747,1405)  (2287,1537)  (2287,1507)  (2753,1435)  (2282,1588)  (2756,1682)  (2756,1712)  (2756,1742)  (2758,1544)  (2758,1574)  (2758,1604)  (2758,1634)  (2759,1465)  (2759,1495)  (2777,1386)  (2257,1558)  (2257,1528)  (2257,1498)  (2783,1416)  (2252,1591)  (2786,1664)  (2786,1694)  (2786,1724)  (2786,1754)  (2788,1525)  (2788,1555)  (2788,1585)  (2788,1615)  (2789,1446)  (2789,1476)  (2227,1561)  (2227,1531)  (2816,1645)  (2816,1675)  (2816,1705)  (2816,1735)  (2816,1765)  (2818,1506)  (2818,1536)  (2818,1566)  (2818,1596)  (2846,1626)  (2846,1675)  (2846,1705)  (2846,1735)  (2846,1765)  (2848,1590)  (2876,1719)  (2876,1749)  (2906,1715)
Al Bahr  (580,2757)  (550,2786)  (550,2756)  (609,2787)  (580,2727)  (610,2727)  (610,2757)  (548,2726)  (579,2816)  (549,2816)  (520,2786)  (520,2756)  (639,2787)  (639,2817)  (609,2817)  (519,2817)  (578,2697)  (608,2697)  (638,2697)  (640,2727)  (640,2757)  (518,2726)  (518,2696)  (548,2696)  (668,2669)  (579,2846)  (549,2846)  (490,2787)  (490,2757)  (669,2787)  (669,2817)  (669,2847)  (639,2847)  (609,2847)  (519,2847)  (489,2847)  (489,2817)  (578,2667)  (608,2667)  (638,2667)  (670,2699)  (670,2729)  (488,2727)  (488,2697)  (488,2667)  (518,2666)  (548,2666)  (668,2639)  (579,2876)  (549,2876)  (680,2877)  (650,2877)  (620,2877)  (472,2637)  (578,2637)  (608,2637)  (638,2637)  (502,2636)  (532,2636)  (590,2906)  (560,2906)  (681,2907)  (651,2907)  (621,2907)  (681,2937)  (651,2937)  (621,2937)
Al Karak  (2118,2040)  (2088,2069)  (2088,2039)  (2147,2070)  (2118,2010)  (2148,2010)  (2148,2040)  (2086,2009)  (2117,2099)  (2058,2094)  (2058,2064)  (2177,2070)  (2177,2100)  (2147,2100)  (2116,1980)  (2178,1996)  (2178,2026)  (2056,2034)  (2056,2004)  (2086,1979)  (2051,1974)  (2028,2072)  (2207,2056)  (2207,2086)  (2207,2116)  (2177,2130)  (2116,1950)  (2208,1997)  (2026,2042)  (2026,2012)  (2081,1949)  (2021,1982)  (2033,1944)  (2208,2146)  (2237,2042)  (2237,2072)  (2237,2102)
Southern Convoy  (301,730)  (330,760)  (300,760)  (331,706)  (360,736)  (360,766)  (330,790)  (300,790)  (361,699)  (366,796)  (390,729)  (390,759)  (336,820)  (306,820)  (396,789)  (396,819)  (366,826)  (399,849)  (420,736)  (336,850)  (426,766)  (426,796)  (369,856)
Negev  (1782,2226)  (1752,2255)  (1752,2225)  (1811,2256)  (1782,2196)  (1812,2196)  (1812,2226)  (1750,2195)  (1781,2285)  (1751,2285)  (1722,2255)  (1722,2225)  (1841,2256)  (1841,2286)  (1811,2286)  (1721,2286)  (1780,2166)  (1810,2166)  (1840,2166)  (1842,2196)  (1842,2226)  (1720,2195)  (1720,2165)  (1750,2165)  (1870,2138)  (1781,2315)  (1751,2315)  (1692,2256)  (1692,2226)  (1871,2256)  (1871,2286)  (1871,2316)  (1841,2316)  (1811,2316)  (1721,2316)  (1691,2316)  (1691,2286)  (1780,2136)  (1810,2136)  (1840,2136)  (1872,2168)  (1872,2198)  (1690,2196)  (1690,2166)  (1690,2136)  (1720,2135)  (1750,2135)  (1870,2108)  (1900,2108)  (1900,2138)  (1781,2345)  (1751,2345)  (1662,2231)  (1901,2228)  (1875,2346)  (1845,2346)  (1815,2346)  (1721,2346)  (1691,2346)  (1661,2106)  (1780,2106)  (1810,2106)  (1840,2106)  (1902,2168)  (1902,2198)  (1660,2201)  (1660,2171)  (1660,2141)  (1691,2105)  (1721,2105)  (1930,2100)  (1930,2130)  (1785,2375)  (1755,2375)  (1880,2376)  (1850,2376)  (1820,2376)  (1725,2376)  (1631,2111)  (1932,2160)  (1630,2152)  (1960,2100)
1 Sea Zone  (500,592)  (500,805)  (500,868)  (500,898)  (500,928)  (500,958)  (500,988)  (500,1018)  (500,1048)  (500,1078)  (500,1108)  (500,1138)  (500,1168)  (501,562)  (501,654)  (501,684)  (501,775)  (516,714)  (522,622)  (522,835)  (528,744)  (530,592)  (530,805)  (530,865)  (530,895)  (530,925)  (530,955)  (530,985)  (530,1015)  (530,1045)  (530,1075)  (530,1105)  (530,1135)  (530,1165)  (531,561)  (531,652)  (531,682)  (531,774)  (546,712)  (552,622)  (552,835)  (558,742)  (560,200)  (560,591)  (560,804)  (560,865)  (560,895)  (560,925)  (560,955)  (560,985)  (560,1015)  (560,1045)  (560,1075)  (560,1105)  (560,1135)  (560,1165)  (561,470)  (561,560)  (561,652)  (561,682)  (561,772)  (576,712)  (582,621)  (582,834)  (588,742)  (590,590)  (590,802)  (590,864)  (590,894)  (590,924)  (590,954)  (590,984)  (590,1014)  (590,1044)  (590,1074)  (590,1104)  (590,1134)  (590,1164)  (591,560)  (591,651)  (591,681)  (591,772)  (606,711)  (612,620)  (612,832)  (618,741)  (620,590)  (620,802)  (620,862)  (620,892)  (620,922)  (620,952)  (620,982)  (620,1012)  (620,1042)  (620,1072)  (620,1102)  (620,1132)  (620,1162)  (621,560)  (621,650)  (621,680)  (621,771)  (636,710)  (642,620)  (642,832)  (648,740)  (650,590)  (650,801)  (650,862)  (650,892)  (650,922)  (650,952)  (650,982)  (650,1012)  (650,1042)  (650,1072)  (650,1102)  (650,1132)  (650,1162)  (651,560)  (651,650)  (651,680)  (651,770)  (666,710)  (672,620)  (672,831)  (678,740)  (680,590)  (680,800)  (680,861)  (680,891)  (680,921)  (680,951)  (680,981)  (680,1011)  (680,1041)  (680,1071)  (680,1101)  (680,1131)  (680,1161)  (681,560)  (681,650)  (681,680)  (681,770)  (696,710)  (702,620)  (702,830)  (708,740)  (710,590)  (710,800)  (710,860)  (710,890)  (710,920)  (710,950)  (710,980)  (710,1010)  (710,1040)  (710,1070)  (710,1100)  (710,1130)  (710,1160)  (711,560)  (711,650)  (711,680)  (711,770)  (726,710)  (732,620)  (732,830)  (738,740)  (740,590)  (740,800)  (740,860)  (740,890)  (740,920)  (740,950)  (740,980)  (740,1010)  (740,1040)  (740,1070)  (740,1100)  (740,1130)  (740,1160)  (741,560)  (741,650)  (741,680)  (741,770)  (756,710)  (762,620)  (762,830)  (768,740)  (770,590)  (770,800)  (770,860)  (770,890)  (770,920)  (770,950)  (770,980)  (770,1010)  (770,1040)  (770,1070)  (770,1100)  (770,1130)  (770,1160)  (771,650)  (771,680)  (771,770)  (786,710)  (792,620)  (792,830)  (798,740)  (800,574)  (800,800)  (800,860)  (800,890)  (800,920)  (800,950)  (800,980)  (800,1010)  (800,1040)  (800,1070)  (800,1100)  (800,1130)  (800,1160)  (801,650)  (801,680)  (801,770)  (816,710)  (822,604)  (822,830)  (828,740)  (830,568)  (830,800)  (830,860)  (830,890)  (830,920)  (830,950)  (830,980)  (830,1010)  (830,1040)  (830,1070)  (830,1100)  (830,1130)  (830,1160)  (831,634)  (831,664)  (831,770)  (846,694)  (852,598)  (852,830)  (858,724)  (860,555)  (860,800)  (860,860)  (860,890)  (860,920)  (860,950)  (860,980)  (860,1010)  (860,1040)  (860,1070)  (860,1100)  (860,1130)  (860,1160)  (861,628)  (861,658)  (861,754)  (876,688)  (882,585)  (882,830)  (888,718)  (890,784)  (890,860)  (890,890)  (890,920)  (890,950)  (890,980)  (890,1010)  (890,1040)  (890,1070)  (890,1100)  (890,1130)  (890,1160)  (891,615)  (891,645)  (891,748)  (906,675)  (912,564)  (912,814)  (918,705)  (920,778)  (920,844)  (920,874)  (920,904)  (920,934)  (920,964)  (920,994)  (920,1024)  (920,1054)  (920,1084)  (920,1114)  (920,1144)  (920,1174)  (921,594)  (921,624)  (921,735)  (936,654)  (942,564)  (942,808)  (948,684)  (950,765)  (950,838)  (950,868)  (950,898)  (950,928)  (950,958)  (950,988)  (950,1018)  (950,1048)  (950,1078)  (950,1108)  (950,1138)  (950,1168)  (951,594)  (951,624)  (951,714)  (966,654)  (972,555)  (972,795)  (978,684)  (980,744)  (980,825)  (980,855)  (980,885)  (980,915)  (980,945)  (980,975)  (980,1005)  (980,1035)  (980,1065)  (980,1095)  (980,1125)  (980,1155)  (980,1185)  (981,585)  (981,615)  (981,714)  (996,645)  (1002,774)  (1008,675)  (1010,744)  (1010,804)  (1010,834)  (1010,864)  (1010,894)  (1010,924)  (1010,954)  (1010,984)  (1010,1014)  (1010,1044)  (1010,1074)  (1010,1104)  (1010,1134)  (1010,1164)  (1011,570)  (1011,600)  (1011,705)  (1026,630)  (1032,774)  (1038,660)  (1040,735)  (1040,804)  (1040,834)  (1040,864)  (1040,894)  (1040,924)  (1040,954)  (1040,984)  (1040,1014)  (1040,1044)  (1040,1074)  (1040,1104)  (1040,1134)  (1040,1164)  (1041,559)  (1041,589)  (1041,690)  (1056,619)  (1062,765)  (1068,649)  (1070,720)  (1070,795)  (1070,825)  (1070,855)  (1070,885)  (1070,915)  (1070,945)  (1070,975)  (1070,1005)  (1070,1035)  (1070,1065)  (1070,1095)  (1070,1125)  (1070,1155)  (1070,1185)  (1071,542)  (1071,572)  (1071,679)  (1082,475)  (1086,602)  (1092,505)  (1092,750)  (1098,632)  (1100,709)  (1100,780)  (1100,810)  (1100,840)  (1100,870)  (1100,900)  (1100,930)  (1100,960)  (1100,990)  (1100,1020)  (1100,1050)  (1100,1080)  (1100,1110)  (1100,1140)  (1100,1170)  (1101,565)  (1101,662)  (1116,595)  (1122,739)  (1128,625)  (1130,692)  (1130,769)  (1130,799)  (1130,829)  (1130,859)  (1130,889)  (1130,919)  (1130,949)  (1130,979)  (1130,1009)  (1130,1039)  (1130,1069)  (1130,1099)  (1130,1129)  (1130,1159)  (1131,655)  (1146,566)  (1152,722)  (1158,596)  (1160,685)  (1160,752)  (1160,782)  (1160,812)  (1160,842)  (1160,872)  (1160,902)  (1160,932)  (1160,962)  (1160,992)  (1160,1022)  (1160,1052)  (1160,1082)  (1160,1112)  (1160,1142)  (1160,1172)  (1161,626)  (1176,559)  (1182,715)  (1188,589)  (1190,656)  (1190,745)  (1190,775)  (1190,805)  (1190,835)  (1190,865)  (1190,895)  (1190,925)  (1190,955)  (1190,985)  (1190,1015)  (1190,1045)  (1190,1075)  (1190,1105)  (1190,1135)  (1190,1165)  (1191,619)  (1206,550)  (1212,686)  (1218,580)  (1220,649)  (1220,716)  (1220,746)  (1220,776)  (1220,806)  (1220,836)  (1220,866)  (1220,896)  (1220,926)  (1220,956)  (1220,986)  (1220,1016)  (1220,1046)  (1220,1076)  (1220,1106)  (1220,1136)  (1220,1166)  (1221,610)
Gaza Strip  (1651,1868)  (1622,1898)  (1591,1928)  (1582,1958)  (1573,1988)
Southern Crossing  (941,2477)  (964,2507)  (934,2507)  (971,2471)
Central Convoy  (301,515)  (330,545)  (300,545)  (331,492)  (360,522)  (360,552)  (330,575)  (300,575)  (361,485)  (367,582)  (390,515)  (390,545)  (337,605)  (307,605)  (397,575)  (397,605)  (367,612)  (420,522)  (399,635)  (337,635)  (427,552)  (427,582)  (369,642)
Al Gharbiyah  (385,2150)  (355,2179)  (355,2149)  (414,2180)  (385,2120)  (415,2120)  (415,2150)  (330,2119)  (325,2181)  (325,2151)  (441,2210)  (411,2210)  (409,2090)  (445,2100)  (445,2130)  (439,2064)  (450,2240)
Tel Aviv  (1781,1607)  (1809,1637)  (1779,1637)  (1780,1577)  (1810,1573)  (1813,1667)  (1783,1667)  (1801,1543)
Galilee  (2009,1350)  (1979,1371)  (1979,1341)  (2028,1380)  (2009,1320)
North Lebanon  (2179,638)  (2149,667)  (2149,637)  (2208,668)  (2179,608)  (2209,608)  (2209,638)  (2178,697)  (2148,697)  (2119,667)  (2118,698)  (2202,578)  (2232,578)  (2239,608)  (2239,638)  (2262,555)  (2088,711)  (2203,548)  (2269,585)  (2292,549)  (2322,545)
Al Tafila  (2054,2189)  (2024,2218)  (2024,2188)  (2083,2219)  (2054,2159)  (2084,2159)  (2084,2189)  (2022,2158)  (2053,2248)  (2023,2248)  (1994,2218)  (1994,2188)  (2113,2219)  (2052,2129)  (2114,2151)  (2114,2181)  (1992,2158)  (1997,2128)  (1964,2218)  (2143,2211)  (2144,2176)  (2173,2206)
Al Sweida  (2471,1410)  (2441,1439)  (2441,1409)  (2500,1440)  (2471,1380)  (2501,1380)  (2501,1410)  (2439,1379)  (2470,1469)  (2440,1469)  (2411,1439)  (2411,1409)  (2530,1440)  (2530,1470)  (2500,1470)  (2410,1470)  (2469,1350)  (2499,1350)  (2531,1360)  (2531,1390)  (2409,1379)  (2421,1349)  (2470,1499)  (2440,1499)  (2560,1420)  (2560,1450)  (2519,1500)  (2410,1500)  (2451,1320)  (2481,1320)  (2421,1305)  (2590,1426)
Ajlun  (2073,1537)  (2103,1518)
Safed  (2006,1239)  (2029,1269)  (1999,1269)  (2034,1209)  (2036,1239)  (2042,1179)
Bur Sa'id  (870,2075)  (870,2045)  (900,2088)  (900,2058)  (930,2079)
Nabatiyeh  (2008,1103)  (2015,1133)  (1991,1073)  (2038,1103)  (1985,1161)  (2068,1085)  (1997,1191)  (1967,1191)  (2098,1073)
Mount Lebanon  (2060,855)  (2030,884)  (2089,885)  (2070,825)  (2090,855)  (2100,815)  (2059,914)  (2029,914)  (2091,915)  (2120,845)  (2076,785)  (2106,785)  (2130,815)  (2136,779)  (2061,944)  (2031,944)  (2001,949)  (2076,755)  (2106,755)  (2166,760)  (2054,974)  (2004,979)
Deir Al Zour  (3106,359)  (3076,388)  (3076,358)  (3135,389)  (3106,329)  (3136,329)  (3136,359)  (3074,328)  (3105,418)  (3075,418)  (3046,388)  (3046,358)  (3165,389)  (3165,419)  (3135,419)  (3045,419)  (3104,299)  (3134,299)  (3164,299)  (3166,329)  (3166,359)  (3044,328)  (3044,298)  (3074,298)  (3194,271)  (3105,448)  (3075,448)  (3016,389)  (3016,359)  (3195,389)  (3195,419)  (3195,449)  (3165,449)  (3135,449)  (3045,449)  (3015,449)  (3015,419)  (3104,269)  (3134,269)  (3164,269)  (3196,301)  (3196,331)  (3045,268)  (3194,241)  (3224,241)  (3224,271)  (3105,478)  (3075,478)  (2986,389)  (3225,361)  (3225,391)  (3225,421)  (3192,479)  (3162,479)  (3045,479)  (3015,479)  (2985,479)  (2985,449)  (2985,419)  (3075,239)  (3105,239)  (3135,239)  (3226,301)  (3226,331)  (3251,451)  (3165,211)  (3195,211)  (3225,211)  (3254,241)  (3254,271)  (3132,508)  (3102,508)  (2956,389)  (3255,210)  (3255,361)  (3255,391)  (3255,421)  (3177,509)  (3072,509)  (3042,509)  (3012,509)  (2955,436)  (3048,209)  (3078,209)  (3108,209)  (3256,301)  (3256,331)  (3126,538)  (3096,539)  (3066,539)  (3036,539)  (3102,569)  (3072,569)  (3042,569)  (3012,569)  (3080,599)  (3050,599)  (3020,599)  (3058,629)  (3028,629)  (2998,629)  (3036,659)  (3006,659)  (2976,672)
Al Qahirah  (582,2517)  (552,2546)  (552,2516)  (611,2547)  (582,2487)  (612,2487)  (612,2517)  (550,2486)  (581,2576)  (551,2576)  (522,2546)  (522,2516)  (641,2547)  (641,2577)  (611,2577)  (521,2577)  (588,2457)  (618,2457)  (642,2487)  (642,2517)  (520,2486)  (648,2451)  (492,2547)  (492,2517)  (671,2547)  (671,2577)  (491,2586)  (672,2481)  (672,2511)  (653,2421)
Central Crossing  (855,2285)  (825,2292)  (874,2315)  (885,2280)
Al Ahmar  (721,3130)  (691,3159)  (691,3129)  (750,3160)  (721,3100)  (751,3100)  (751,3130)  (689,3099)  (720,3189)  (690,3189)  (661,3159)  (661,3129)  (780,3160)  (780,3190)  (750,3190)  (660,3190)  (719,3070)  (749,3070)  (779,3070)  (781,3100)  (781,3130)  (659,3099)  (659,3069)  (689,3069)  (809,3042)  (720,3219)  (690,3219)  (631,3160)  (631,3130)  (810,3160)  (810,3190)  (810,3220)  (780,3220)  (750,3220)  (660,3220)  (630,3220)  (630,3190)  (719,3040)  (749,3040)  (779,3040)  (811,3072)  (811,3102)  (629,3100)  (629,3070)  (629,3040)  (659,3039)  (689,3039)  (809,3012)  (839,3012)  (839,3042)  (720,3249)  (690,3249)  (601,3160)  (601,3130)  (840,3132)  (840,3162)  (840,3192)  (840,3222)  (810,3250)  (780,3250)  (750,3250)  (660,3250)  (630,3250)  (600,3250)  (600,3220)  (600,3190)  (600,3010)  (719,3010)  (749,3010)  (779,3010)  (841,3072)  (841,3102)  (599,3100)  (599,3070)  (599,3040)  (630,3009)  (660,3009)  (842,3252)  (809,2982)  (839,2982)  (869,2982)  (869,3012)  (869,3042)  (720,3279)  (690,3279)  (571,3160)  (571,3130)  (870,3132)  (870,3162)  (870,3192)  (870,3222)  (812,3280)  (782,3280)  (752,3280)  (660,3280)  (630,3280)  (600,3280)  (570,3280)  (570,3250)  (570,3220)  (570,3190)  (570,3010)  (570,2980)  (600,2980)  (748,2980)  (778,2980)  (871,3072)  (871,3102)  (569,3100)  (569,3070)  (569,3040)  (872,3252)  (872,3282)  (842,3282)  (808,2952)  (838,2952)  (868,2952)  (898,2952)  (899,2982)  (899,3012)  (899,3042)  (541,3160)  (541,3130)  (900,3132)  (900,3162)  (900,3192)  (900,3222)  (540,3306)  (540,3276)  (540,3246)  (540,3216)  (540,3010)  (540,2980)  (540,2950)  (901,3072)  (901,3102)  (539,3100)  (539,3070)  (539,3040)  (902,3252)  (902,3282)  (928,2923)  (833,2922)  (863,2922)  (893,2922)  (929,2953)  (929,2983)  (929,3013)  (511,3186)  (511,3156)  (930,3132)  (930,3162)  (930,3192)  (930,3222)  (510,3306)  (510,3276)  (510,3246)  (510,3216)  (510,3010)  (510,2980)  (510,2950)  (931,3043)  (931,3073)  (509,3126)  (509,3096)  (509,3066)  (932,3252)  (932,3282)  (507,2920)  (958,2895)  (959,2980)  (959,3010)  (481,3186)  (481,3156)  (960,3103)  (960,3133)  (960,3163)  (960,3193)  (480,3306)  (480,3276)  (480,3246)  (480,3216)  (480,3036)  (480,3006)  (480,2976)  (961,3040)  (961,3070)  (479,3126)  (479,3096)  (479,3066)  (962,3223)  (962,3253)  (962,3283)  (477,2946)  (477,2916)  (464,2886)  (451,3186)  (451,3156)  (990,3100)  (990,3130)  (990,3160)  (990,3190)  (450,3306)  (450,3276)  (450,3246)  (450,3216)  (450,3036)  (450,3006)  (450,2976)  (991,3030)  (991,3060)  (449,3126)  (449,3096)  (449,3066)  (992,3220)  (992,3250)  (992,3280)  (447,2946)  (447,2916)  (421,3186)  (421,3156)  (1020,3090)  (1020,3120)  (1020,3150)  (1020,3180)  (420,3306)  (420,3276)  (420,3246)  (420,3216)  (420,3036)  (420,3006)  (420,2976)  (1021,3057)  (419,3126)  (419,3096)  (419,3066)  (1022,3210)  (1022,3240)  (1022,3270)  (1022,3300)  (391,3186)  (391,3156)  (1050,3136)  (1050,3166)  (390,3306)  (390,3276)  (390,3246)  (390,3216)  (390,3036)  (390,3006)  (389,3126)  (389,3096)  (389,3066)  (1052,3196)  (1052,3226)  (1052,3256)  (1052,3286)  (361,3186)  (361,3156)  (360,3306)  (360,3276)  (360,3246)  (360,3216)  (360,3036)  (359,3126)  (359,3096)  (359,3066)  (1082,3173)  (1082,3203)  (1082,3233)  (1082,3263)  (1082,3293)  (1112,3217)  (1112,3247)  (1112,3277)  (1142,3259)  (1142,3289)  (1172,3301)
Al Isma'iliyah  (767,2324)  (737,2353)  (737,2323)  (796,2354)  (767,2294)  (766,2383)  (736,2383)  (707,2353)  (707,2323)  (826,2353)  (826,2383)  (796,2384)  (706,2384)  (677,2330)  (677,2300)  (824,2230)  (803,2087)
Anbar  (3076,1470)  (3046,1499)  (3046,1469)  (3105,1500)  (3076,1440)  (3106,1440)  (3106,1470)  (3044,1439)  (3075,1529)  (3045,1529)  (3016,1499)  (3016,1469)  (3135,1500)  (3135,1530)  (3105,1530)  (3015,1530)  (3074,1410)  (3104,1410)  (3134,1410)  (3136,1440)  (3136,1470)  (3014,1439)  (3014,1409)  (3044,1409)  (3164,1382)  (3075,1559)  (3045,1559)  (2986,1500)  (2986,1470)  (3165,1500)  (3165,1530)  (3165,1560)  (3135,1560)  (3105,1560)  (3015,1560)  (2985,1560)  (2985,1530)  (3074,1380)  (3104,1380)  (3134,1380)  (3166,1412)  (3166,1442)  (2984,1440)  (2984,1410)  (2984,1380)  (3014,1379)  (3044,1379)  (3164,1352)  (3194,1352)  (3194,1382)  (3075,1589)  (3045,1589)  (2956,1500)  (2956,1470)  (3195,1472)  (3195,1502)  (3195,1532)  (3195,1562)  (3165,1590)  (3135,1590)  (3105,1590)  (3015,1590)  (2985,1590)  (2955,1590)  (2955,1560)  (2955,1530)  (2955,1350)  (3074,1350)  (3104,1350)  (3134,1350)  (3196,1412)  (3196,1442)  (2954,1440)  (2954,1410)  (2954,1380)  (2985,1349)  (3015,1349)  (3197,1592)  (3164,1322)  (3194,1322)  (3224,1322)  (3224,1352)  (3224,1382)  (3075,1619)  (3045,1619)  (2926,1500)  (2926,1470)  (3225,1472)  (3225,1502)  (3225,1532)  (3225,1562)  (3167,1620)  (3137,1620)  (3107,1620)  (3015,1620)  (2985,1620)  (2955,1620)  (2925,1620)  (2925,1590)  (2925,1560)  (2925,1530)  (2925,1350)  (2925,1320)  (2955,1320)  (3045,1320)  (3075,1320)  (3105,1320)  (3226,1412)  (3226,1442)  (2924,1440)  (2924,1410)  (2924,1380)  (2985,1319)  (3015,1319)  (3227,1592)  (3227,1622)  (3197,1622)  (3135,1292)  (3165,1292)  (3195,1292)  (3225,1292)  (3254,1322)  (3254,1352)  (3254,1382)  (3077,1649)  (3047,1649)  (2896,1500)  (2896,1470)  (3255,1291)  (3255,1472)  (3255,1502)  (3255,1532)  (3255,1562)  (3167,1650)  (3137,1650)  (3107,1650)  (3017,1650)  (2987,1650)  (2957,1650)  (2927,1650)  (2897,1650)  (2895,1620)  (2895,1590)  (2895,1560)  (2895,1530)  (2895,1350)  (2895,1320)  (2929,1290)  (3045,1290)  (3075,1290)  (3105,1290)  (3256,1412)  (3256,1442)  (2894,1440)  (2894,1410)  (2894,1380)  (2959,1289)  (2989,1289)  (3257,1592)  (3257,1622)  (3257,1652)  (3227,1652)  (3197,1652)  (3135,1262)  (3165,1262)  (3195,1262)  (3225,1262)  (3077,1679)  (3047,1679)  (2866,1500)  (2866,1470)  (3255,1261)  (3167,1680)  (3137,1680)  (3107,1680)  (3017,1680)  (2987,1680)  (2957,1680)  (2891,1680)  (2865,1350)  (3019,1260)  (3049,1260)  (3079,1260)  (2864,1440)  (2864,1410)  (2864,1380)  (2974,1259)  (3270,1682)  (3240,1682)  (3210,1682)  (3109,1232)  (3139,1232)  (3169,1232)  (3199,1232)  (3077,1709)  (3047,1709)  (3229,1231)  (3259,1231)  (3180,1710)  (3150,1710)  (3120,1710)  (3017,1710)  (2987,1710)  (2835,1350)  (3004,1230)  (3034,1230)  (3064,1230)  (2834,1413)  (2834,1383)  (3270,1712)  (3240,1712)  (3210,1712)  (3094,1202)  (3124,1202)  (3154,1202)  (3184,1202)  (3090,1739)  (3060,1739)  (3214,1201)  (3244,1201)  (3180,1740)  (3150,1740)  (3120,1740)  (3030,1740)  (3000,1740)  (2970,1740)  (2992,1200)  (3022,1200)  (3052,1200)  (3270,1742)  (3240,1742)  (3210,1742)  (3082,1172)  (3112,1172)  (3142,1172)  (3172,1172)  (3090,1769)  (3202,1171)  (3232,1171)  (3262,1171)  (3180,1770)  (3150,1770)  (3120,1770)  (3001,1170)  (3031,1170)  (3270,1772)  (3240,1772)  (3210,1772)  (3061,1142)  (3091,1142)  (3121,1142)  (3183,1141)  (3220,1141)  (3250,1141)  (3003,1140)
Beersheba  (1790,2016)  (1760,2045)  (1760,2015)  (1819,2046)  (1790,1986)  (1820,1986)  (1820,2016)  (1758,1985)  (1730,2070)  (1730,2040)  (1849,2046)  (1850,1970)  (1850,2000)  (1728,2010)  (1728,1980)  (1758,1955)  (1723,1950)  (1700,2070)  (1700,2040)  (1879,2030)  (1879,2060)  (1880,1966)  (1880,1996)  (1698,2010)  (1698,1980)  (1693,1950)  (1670,2070)  (1670,2040)  (1909,2026)  (1909,2056)  (1910,1963)  (1910,1993)  (1668,2010)  (1668,1980)  (1663,1950)  (1640,2070)  (1640,2040)  (1939,2023)  (1939,2053)  (1940,1949)  (1940,1979)  (1638,2010)  (1638,1980)  (1633,1950)  (1610,2070)  (1610,2040)  (1969,2016)  (1969,2046)  (1608,2010)
Irbid  (2118,1434)  (2088,1463)  (2088,1433)  (2147,1464)  (2118,1404)  (2148,1404)  (2148,1434)  (2086,1403)  (2058,1489)  (2058,1459)  (2177,1464)  (2118,1374)  (2178,1408)  (2056,1429)  (2207,1461)
Al Minufiyah  (367,2311)  (337,2340)  (337,2310)  (393,2341)  (367,2281)  (397,2281)  (397,2311)  (335,2280)  (363,2370)  (365,2251)  (427,2283)  (427,2313)  (318,2250)  (391,2400)
Damascus Rural  (2550,1111)  (2520,1140)  (2520,1110)  (2579,1141)  (2550,1081)  (2580,1081)  (2580,1111)  (2518,1080)  (2549,1170)  (2519,1170)  (2490,1140)  (2490,1110)  (2609,1141)  (2609,1171)  (2579,1171)  (2489,1171)  (2548,1051)  (2578,1051)  (2608,1051)  (2610,1081)  (2610,1111)  (2488,1080)  (2488,1050)  (2518,1050)  (2638,1023)  (2549,1200)  (2519,1200)  (2460,1141)  (2460,1111)  (2639,1141)  (2639,1171)  (2639,1201)  (2609,1201)  (2579,1201)  (2489,1201)  (2459,1201)  (2459,1171)  (2548,1021)  (2578,1021)  (2608,1021)  (2640,1053)  (2640,1083)  (2458,1081)  (2458,1051)  (2458,1021)  (2488,1020)  (2518,1020)  (2638,993)  (2668,993)  (2668,1023)  (2549,1230)  (2519,1230)  (2430,1141)  (2430,1111)  (2669,1113)  (2669,1143)  (2669,1173)  (2669,1203)  (2639,1231)  (2609,1231)  (2579,1231)  (2489,1231)  (2459,1231)  (2429,1231)  (2429,1201)  (2429,1171)  (2429,991)  (2548,991)  (2578,991)  (2608,991)  (2670,1053)  (2670,1083)  (2428,1081)  (2428,1051)  (2428,1021)  (2459,990)  (2489,990)  (2671,1233)  (2638,963)  (2698,1018)  (2549,1260)  (2519,1260)  (2400,1141)  (2400,1111)  (2699,1113)  (2699,1143)  (2699,1173)  (2699,1203)  (2641,1261)  (2611,1261)  (2581,1261)  (2489,1261)  (2459,1261)  (2399,1235)  (2399,1205)  (2399,1175)  (2399,991)  (2399,961)  (2429,961)  (2519,961)  (2549,961)  (2579,961)  (2700,1048)  (2700,1078)  (2398,1081)  (2398,1051)  (2398,1021)  (2459,960)  (2489,960)  (2701,1233)  (2701,1263)  (2671,1263)  (2609,933)  (2551,1290)  (2370,1145)  (2370,1115)  (2729,1108)  (2729,1138)  (2729,1168)  (2729,1198)  (2641,1291)  (2611,1291)  (2581,1291)  (2369,1207)  (2369,1177)  (2369,991)  (2369,961)  (2369,931)  (2399,931)  (2429,931)  (2519,931)  (2549,931)  (2579,931)  (2368,1085)  (2368,1055)  (2368,1025)  (2459,930)  (2489,930)  (2731,1228)  (2731,1258)  (2731,1288)  (2701,1293)  (2671,1293)  (2756,1318)  (2609,903)  (2759,1104)  (2759,1134)  (2759,1164)  (2759,1194)  (2641,1321)  (2611,1321)  (2581,1321)  (2349,901)  (2379,901)  (2409,901)  (2519,901)  (2549,901)  (2579,901)  (2439,900)  (2469,900)  (2761,1224)  (2761,1254)  (2761,1284)  (2726,1323)  (2696,1323)  (2786,1314)  (2759,1348)  (2789,1129)  (2789,1159)  (2789,1189)  (2666,1351)  (2636,1351)  (2606,1351)  (2576,1351)  (2350,871)  (2380,871)  (2499,871)  (2529,871)  (2559,871)  (2410,870)  (2440,870)  (2791,1219)  (2791,1249)  (2791,1279)  (2729,1353)  (2699,1353)  (2816,1309)  (2819,1138)  (2819,1168)  (2669,1381)  (2639,1381)  (2325,841)  (2355,841)  (2470,841)  (2500,841)  (2530,841)  (2385,840)  (2415,840)  (2821,1198)  (2821,1228)  (2821,1258)  (2704,1383)  (2846,1288)  (2849,1164)  (2659,1411)  (2445,811)  (2475,811)  (2505,811)  (2367,810)  (2397,810)  (2851,1194)  (2851,1224)  (2851,1254)  (2427,781)  (2457,781)  (2487,781)  (2397,780)  (2881,1206)  (2881,1236)  (2881,1266)  (2427,751)  (2911,1234)
Eilat  (1802,2517)  (1772,2546)  (1772,2516)  (1831,2547)  (1802,2487)  (1832,2487)  (1832,2517)  (1770,2486)  (1801,2576)  (1839,2577)  (1800,2457)  (1830,2457)  (1860,2457)  (1862,2487)  (1740,2467)  (1770,2456)  (1731,2437)  (1809,2606)  (1820,2636)  (1818,2666)  (1807,2696)